0.00000 0.00000 0.00000 0.00000 0.00000 0.00000 0.00000 0.00000 0.00000 0.00000 0.00000 0.00000 0.00000 0.00000 0.00000 0.00000 0.00000 0.00000 
0.00087 0.00000 0.00000 0.00000 0.00000 0.00000 0.00000 0.00000 0.00000 0.00000 0.00000 0.00000 0.00000 0.00000 0.00000 0.00000 0.00000 0.00000 
0.00175 0.00000 0.00000 0.00000 0.00000 0.00000 0.00000 0.00000 0.00000 0.00000 0.00000 0.00000 0.00000 0.00000 0.00000 0.00000 0.00000 0.00000 
0.00262 0.00000 0.00000 0.00000 0.00000 0.00000 0.00000 0.00000 0.00000 0.00000 0.00000 0.00000 0.00000 0.00000 0.00000 0.00000 0.00000 0.00000 
0.00350 0.00000 0.00000 0.00000 0.00000 0.00000 0.00000 0.00000 0.00000 0.00000 0.00000 0.00000 0.00000 0.00000 0.00000 0.00000 0.00000 0.00000 
0.00437 0.00000 0.00000 0.00000 0.00000 0.00000 0.00000 0.00000 0.00000 0.00000 0.00000 0.00000 0.00000 0.00000 0.00000 0.00000 0.00000 0.00000 
0.00524 0.00000 0.00000 0.00000 0.00000 0.00000 0.00000 0.00000 0.00000 0.00000 0.00000 0.00000 0.00000 0.00000 0.00000 0.00000 0.00000 0.00000 
0.00612 0.00000 0.00000 0.00000 0.00000 0.00000 0.00000 0.00000 0.00000 0.00000 0.00000 0.00000 0.00000 0.00000 0.00000 0.00000 0.00000 0.00000 
0.00699 0.00000 0.00000 0.00000 0.00000 0.00000 0.00000 0.00000 0.00000 0.00000 0.00000 0.00000 0.00000 0.00000 0.00000 0.00000 0.00000 0.00000 
0.00787 0.00000 0.00000 0.00000 0.00000 0.00000 0.00000 0.00000 0.00000 0.00000 0.00000 0.00000 0.00000 0.00000 0.00000 0.00000 0.00000 0.00000 
0.00874 0.00000 0.00000 0.00000 0.00000 0.00000 0.00000 0.00000 0.00000 0.00000 0.00000 0.00000 0.00000 0.00000 0.00000 0.00000 0.00000 0.00000 
0.00961 0.00000 0.00000 0.00000 0.00000 0.00000 0.00000 0.00000 0.00000 0.00000 0.00000 0.00000 0.00000 0.00000 0.00000 0.00000 0.00000 0.00000 
0.01049 0.00000 0.00000 0.00000 0.00000 0.00000 0.00000 0.00000 0.00000 0.00000 0.00000 0.00000 0.00000 0.00000 0.00000 0.00000 0.00000 0.00000 
0.01136 0.00000 0.00000 0.00000 0.00000 0.00000 0.00000 0.00000 0.00000 0.00000 0.00000 0.00000 0.00000 0.00000 0.00000 0.00000 0.00000 0.00000 
0.01224 0.00000 0.00000 0.00000 0.00000 0.00000 0.00000 0.00000 0.00000 0.00000 0.00000 0.00000 0.00000 0.00000 0.00000 0.00000 0.00000 0.00000 
0.01311 0.00000 0.00000 0.00000 0.00000 0.00000 0.00000 0.00000 0.00000 0.00000 0.00000 0.00000 0.00000 0.00000 0.00000 0.00000 0.00000 0.00000 
0.01398 0.00000 0.00000 0.00000 0.00000 0.00000 0.00000 0.00000 0.00000 0.00000 0.00000 0.00000 0.00000 0.00000 0.00000 0.00000 0.00000 0.00000 
0.01486 0.00000 0.00000 0.00000 0.00000 0.00000 0.00000 0.00000 0.00000 0.00000 0.00000 0.00000 0.00000 0.00000 0.00000 0.00000 0.00000 0.00000 
0.01573 0.00000 0.00000 0.00000 0.00000 0.00000 0.00000 0.00000 0.00000 0.00000 0.00000 0.00000 0.00000 0.00000 0.00000 0.00000 0.00000 0.00000 
0.01661 0.00000 0.00000 0.00000 0.00000 0.00000 0.00000 0.00000 0.00000 0.00000 0.00000 0.00000 0.00000 0.00000 0.00000 0.00000 0.00000 0.00000 
0.01748 0.00000 0.00000 0.00000 0.00000 0.00000 0.00000 0.00000 0.00000 0.00000 0.00000 0.00000 0.00000 0.00000 0.00000 0.00000 0.00000 0.00000 
0.01835 0.00000 0.00000 0.00000 0.00000 0.00000 0.00000 0.00000 0.00000 0.00000 0.00000 0.00000 0.00000 0.00000 0.00000 0.00000 0.00000 0.00000 
0.01923 0.00000 0.00000 0.00000 0.00000 0.00000 0.00000 0.00000 0.00000 0.00000 0.00000 0.00000 0.00000 0.00000 0.00000 0.00000 0.00000 0.00000 
0.02010 0.00000 0.00000 0.00000 0.00000 0.00000 0.00000 0.00000 0.00000 0.00000 0.00000 0.00000 0.00000 0.00000 0.00000 0.00000 0.00000 0.00000 
0.02098 0.00000 0.00000 0.00000 0.00000 0.00000 0.00000 0.00000 0.00000 0.00000 0.00000 0.00000 0.00000 0.00000 0.00000 0.00000 0.00000 0.00000 
0.02185 0.00000 0.00000 0.00000 0.00000 0.00000 0.00000 0.00000 0.00000 0.00000 0.00000 0.00000 0.00000 0.00000 0.00000 0.00000 0.00000 0.00000 
0.02272 0.00000 0.00000 0.00000 0.00000 0.00000 0.00000 0.00000 0.00000 0.00000 0.00000 0.00000 0.00000 0.00000 0.00000 0.00000 0.00000 0.00000 
0.02360 0.00000 0.00000 0.00000 0.00000 0.00000 0.00000 0.00000 0.00000 0.00000 0.00000 0.00000 0.00000 0.00000 0.00000 0.00000 0.00000 0.00000 
0.02447 0.00000 0.00000 0.00000 0.00000 0.00000 0.00000 0.00000 0.00000 0.00000 0.00000 0.00000 0.00000 0.00000 0.00000 0.00000 0.00000 0.00000 
0.02535 0.00000 0.00000 0.00000 0.00000 0.00000 0.00000 0.00000 0.00000 0.00000 0.00000 0.00000 0.00000 0.00000 0.00000 0.00000 0.00000 0.00000 
0.02622 0.00000 0.00000 0.00000 0.00000 0.00000 0.00000 0.00000 0.00000 0.00000 0.00000 0.00000 0.00000 0.00000 0.00000 0.00000 0.00000 0.00000 
0.02709 0.00000 0.00000 0.00000 0.00000 0.00000 0.00000 0.00000 0.00000 0.00000 0.00000 0.00000 0.00000 0.00000 0.00000 0.00000 0.00000 0.00000 
0.02797 0.00000 0.00000 0.00000 0.00000 0.00000 0.00000 0.00000 0.00000 0.00000 0.00000 0.00000 0.00000 0.00001 0.00000 0.00000 0.00000 0.00000 
0.02884 0.00001 0.00000 0.00000 0.00000 0.00000 0.00000 0.00000 0.00000 0.00000 0.00000 0.00000 0.00000 0.00002 0.00000 0.00000 0.00000 0.00000 
0.02972 0.00004 0.00000 0.00000 0.00000 0.00000 0.00000 0.00000 0.00000 0.00000 0.00000 0.00000 0.00000 0.00008 0.00000 0.00000 0.00000 0.00000 
0.03059 0.00012 0.00000 0.00000 0.00000 0.00000 0.00000 0.00000 0.00000 0.00000 0.00000 0.00000 0.00000 0.00025 0.00000 0.00000 0.00000 0.00000 
0.03146 0.00037 0.00000 0.00000 0.00000 0.00000 0.00000 0.00000 0.00000 0.00000 0.00000 0.00000 0.00000 0.00070 0.00000 0.00000 0.00000 0.00000 
0.03234 0.00101 0.00000 0.00000 0.00000 0.00000 0.00000 0.00000 0.00000 0.00000 0.00000 0.00000 0.00000 0.00182 0.00000 0.00000 0.00000 0.00000 
0.03321 0.00258 0.00000 0.00000 0.00000 0.00000 0.00000 0.00000 0.00000 0.00000 0.00000 0.00000 0.00000 0.00433 0.00000 0.00000 0.00000 0.00000 
0.03409 0.00607 0.00000 0.00000 0.00000 0.00000 0.00000 0.00000 0.00000 0.00000 0.00000 0.00000 0.00000 0.00956 0.00000 0.00000 0.00000 0.00000 
0.03496 0.01328 0.00000 0.00000 0.00000 0.00000 0.00000 0.00000 0.00000 0.00000 0.00000 0.00000 0.00000 0.01949 0.00000 0.00000 0.00000 0.00000 
0.03583 0.02696 0.00000 0.00000 0.00000 0.00000 0.00000 0.00000 0.00000 0.00000 0.00000 0.00000 0.00000 0.03674 0.00000 0.00000 0.00000 0.00000 
0.03671 0.05088 0.00000 0.00000 0.00000 0.00000 0.00000 0.00000 0.00000 0.00000 0.00000 0.00000 0.00000 0.06402 0.00000 0.00000 0.00000 0.00000 
0.03758 0.08924 0.00000 0.00000 0.00000 0.00000 0.00000 0.00000 0.00000 0.00000 0.00000 0.00000 0.00000 0.10294 0.00000 0.00000 0.00000 0.00000 
0.03846 0.14541 0.00000 0.00000 0.00000 0.00000 0.00000 0.00000 0.00000 0.00000 0.00000 0.00000 0.00000 0.15248 0.00000 0.00000 0.00000 0.00000 
0.03933 0.21999 0.00000 0.00000 0.00000 0.00000 0.00000 0.00000 0.00000 0.00000 0.00000 0.00000 0.00000 0.20747 0.00000 0.00000 0.00000 0.00000 
0.04020 0.30871 0.00000 0.00000 0.00000 0.00000 0.00000 0.00000 0.00000 0.00000 0.00000 0.00000 0.00000 0.25852 0.00000 0.00000 0.00000 0.00000 
0.04108 0.40137 0.00000 0.00000 0.00000 0.00000 0.00000 0.00000 0.00000 0.00000 0.00000 0.00000 0.00000 0.29409 0.00000 0.00000 0.00000 0.00000 
0.04195 0.48294 0.00000 0.00000 0.00000 0.00000 0.00000 0.00000 0.00000 0.00000 0.00000 0.00000 0.00000 0.30516 0.00000 0.00000 0.00000 0.00000 
0.04283 0.53754 0.00000 0.00000 0.00000 0.00000 0.00000 0.00000 0.00000 0.00000 0.00000 0.00000 0.00000 0.29075 0.00000 0.00000 0.00000 0.00000 
0.04370 0.55431 0.00000 0.00000 0.00000 0.00000 0.00000 0.00000 0.00000 0.00000 0.00000 0.00000 0.00000 0.26137 0.00000 0.00000 0.00000 0.00000 
0.04457 0.53284 0.00000 0.00000 0.00000 0.00000 0.00000 0.00000 0.00000 0.00000 0.00000 0.00000 0.00000 0.23697 0.00000 0.00000 0.00000 0.00000 
0.04545 0.48467 0.00000 0.00000 0.00000 0.00000 0.00000 0.00000 0.00000 0.00000 0.00000 0.00000 0.00000 0.23882 0.00000 0.00000 0.00000 0.00000 
0.04632 0.42944 0.00000 0.00000 0.00000 0.00000 0.00000 0.00000 0.00000 0.00000 0.00000 0.00000 0.00000 0.27810 0.00000 0.00000 0.00000 0.00000 
0.04720 0.38631 0.00000 0.00000 0.00000 0.00000 0.00000 0.00000 0.00000 0.00000 0.00000 0.00000 0.00000 0.34802 0.00000 0.00000 0.00000 0.00000 
0.04807 0.36534 0.00000 0.00000 0.00000 0.00000 0.00000 0.00000 0.00000 0.00000 0.00000 0.00000 0.00000 0.42527 0.00000 0.00000 0.00000 0.00000 
0.04895 0.36376 0.00000 0.00000 0.00000 0.00000 0.00000 0.00000 0.00000 0.00000 0.00000 0.00000 0.00000 0.48189 0.00000 0.00000 0.00000 0.00001 
0.04982 0.36993 0.00000 0.00000 0.00000 0.00000 0.00000 0.00000 0.00000 0.00000 0.00000 0.00000 0.00000 0.50162 0.00000 0.00000 0.00000 0.00003 
0.05069 0.37299 0.00000 0.00000 0.00000 0.00000 0.00000 0.00000 0.00000 0.00000 0.00000 0.00000 0.00000 0.49055 0.00000 0.00000 0.00000 0.00008 
0.05157 0.37292 0.00000 0.00000 0.00000 0.00000 0.00000 0.00000 0.00000 0.00000 0.00000 0.00000 0.00000 0.47604 0.00000 0.00000 0.00000 0.00021 
0.05244 0.38615 0.00000 0.00000 0.00000 0.00000 0.00000 0.00000 0.00000 0.00000 0.00000 0.00000 0.00000 0.49624 0.00000 0.00000 0.00000 0.00050 
0.05332 0.44608 0.00000 0.00000 0.00000 0.00000 0.00000 0.00000 0.00000 0.00000 0.00000 0.00000 0.00000 0.59110 0.00000 0.00000 0.00000 0.00114 
0.05419 0.60269 0.00000 0.00000 0.00000 0.00000 0.00000 0.00000 0.00000 0.00000 0.00000 0.00000 0.00000 0.80445 0.00000 0.00000 0.00000 0.00244 
0.05506 0.92566 0.00000 0.00000 0.00000 0.00000 0.00000 0.00000 0.00000 0.00000 0.00000 0.00000 0.00000 1.19725 0.00000 0.00000 0.00000 0.00497 
0.05594 1.51176 0.00000 0.00000 0.00000 0.00000 0.00000 0.00000 0.00000 0.00000 0.00000 0.00000 0.00000 1.86015 0.00000 0.00000 0.00000 0.00960 
0.05681 2.49209 0.00000 0.00000 0.00000 0.00000 0.00000 0.00000 0.00000 0.00000 0.00000 0.00000 0.00000 2.91117 0.00000 0.00000 0.00000 0.01760 
0.05769 4.03257 0.00000 0.00000 0.00000 0.00000 0.00000 0.00000 0.00000 0.00000 0.00000 0.00000 0.00000 4.47384 0.00000 0.00000 0.00000 0.03058 
0.05856 6.32250 0.00000 0.00000 0.00000 0.00000 0.00000 0.00000 0.00000 0.00000 0.00000 0.00000 0.00000 6.64400 0.00000 0.00000 0.00000 0.05030 
0.05943 9.54842 0.00000 0.00000 0.00000 0.00000 0.00000 0.00000 0.00000 0.00000 0.00000 0.00000 0.00000 9.45808 0.00000 0.00000 0.00000 0.07825 
0.06031 13.85173 0.00000 0.00000 0.00000 0.00000 0.00000 0.00000 0.00000 0.00000 0.00000 0.00000 0.00000 12.86939 0.00000 0.00000 0.00000 0.11488 
0.06118 19.27171 0.00000 0.00000 0.00000 0.00000 0.00000 0.00000 0.00000 0.00000 0.00000 0.00000 0.00000 16.73159 0.00000 0.00000 0.00000 0.15887 
0.06206 25.68441 0.00000 0.00000 0.00000 0.00000 0.00000 0.00000 0.00000 0.00000 0.00000 0.00000 0.00000 20.79337 0.00000 0.00000 0.00000 0.20639 
0.06293 32.76046 0.00000 0.00000 0.00000 0.00000 0.00000 0.00000 0.00000 0.00000 0.00000 0.00000 0.00000 24.72036 0.00000 0.00000 0.00000 0.25112 
0.06380 39.97055 0.00000 0.00000 0.00000 0.00000 0.00000 0.00000 0.00000 0.00000 0.00000 0.00000 0.00000 28.16266 0.00000 0.00000 0.00000 0.28528 
0.06468 46.65622 0.00000 0.00000 0.00001 0.00000 0.00000 0.00000 0.00000 0.00000 0.00000 0.00000 0.00000 30.86393 0.00000 0.00000 0.00000 0.30184 
0.06555 52.15687 0.00000 0.00000 0.00002 0.00000 0.00000 0.00000 0.00000 0.00000 0.00000 0.00000 0.00000 32.77170 0.00000 0.00000 0.00000 0.29750 
0.06643 55.95708 0.00000 0.00000 0.00005 0.00000 0.00000 0.00000 0.00000 0.00000 0.00000 0.00000 0.00000 34.08910 0.00000 0.00000 0.00000 0.27532 
0.06730 57.80795 0.00000 0.00000 0.00012 0.00000 0.00000 0.00000 0.00000 0.00000 0.00000 0.00000 0.00000 35.22743 0.00000 0.00000 0.00000 0.24548 
0.06817 57.78677 0.00000 0.00000 0.00025 0.00000 0.00000 0.00000 0.00000 0.00000 0.00000 0.00000 0.00000 36.66841 0.00000 0.00000 0.00000 0.22303 
0.06905 56.27917 0.00000 0.00000 0.00051 0.00000 0.00000 0.00000 0.00000 0.00000 0.00000 0.00000 0.00000 38.78979 0.00000 0.00000 0.00000 0.22274 
0.06992 53.88703 0.00000 0.00000 0.00101 0.00000 0.00000 0.00000 0.00000 0.00000 0.00000 0.00000 0.00000 41.72169 0.00000 0.00000 0.00000 0.25274 
0.07080 51.28061 0.00000 0.00000 0.00193 0.00000 0.00000 0.00000 0.00000 0.00000 0.00000 0.00000 0.00000 45.28158 0.00000 0.00000 0.00000 0.31019 
0.07167 49.03031 0.00000 0.00000 0.00351 0.00000 0.00000 0.00000 0.00000 0.00000 0.00000 0.00000 0.00000 49.00452 0.00000 0.00000 0.00000 0.38192 
0.07254 47.46877 0.00000 0.00000 0.00613 0.00000 0.00000 0.00000 0.00000 0.00000 0.00000 0.00000 0.00000 52.25961 0.00000 0.00000 0.00000 0.45115 
0.07342 46.63316 0.00000 0.00000 0.01027 0.00000 0.00000 0.00000 0.00000 0.00000 0.00000 0.00000 0.00000 54.42400 0.00000 0.00000 0.00000 0.50809 
0.07429 46.31079 0.00000 0.00000 0.01648 0.00000 0.00000 0.00000 0.00000 0.00000 0.00000 0.00000 0.00000 55.06937 0.00000 0.00000 0.00000 0.55998 
0.07517 46.16552 0.00000 0.00000 0.02534 0.00000 0.00000 0.00000 0.00000 0.00000 0.00000 0.00000 0.00000 54.10223 0.00000 0.00000 0.00000 0.63592 
0.07604 45.88531 0.00000 0.00000 0.03730 0.00000 0.00000 0.00000 0.00000 0.00000 0.00000 0.00000 0.00000 51.80315 0.00000 0.00000 0.00000 0.78530 
0.07691 45.28624 0.00000 0.00000 0.05258 0.00000 0.00000 0.00000 0.00000 0.00000 0.00000 0.00000 0.00000 48.73931 0.00000 0.00000 0.00000 1.07242 
0.07779 44.33627 0.00000 0.00000 0.07094 0.00000 0.00000 0.00000 0.00000 0.00000 0.00000 0.00000 0.00000 45.57465 0.00000 0.00000 0.00000 1.57210 
0.07866 43.10348 0.00000 0.00000 0.09163 0.00000 0.00000 0.00000 0.00000 0.00000 0.00000 0.00000 0.00000 42.85036 0.00000 0.00000 0.00000 2.36874 
0.07954 41.66697 0.00000 0.00000 0.11336 0.00000 0.00000 0.00000 0.00000 0.00000 0.00000 0.00000 0.00000 40.82861 0.00000 0.00000 0.00000 3.55599 
0.08041 40.04124 0.00000 0.00000 0.13451 0.00000 0.00000 0.00000 0.00000 0.00000 0.00000 0.00000 0.00000 39.46795 0.00000 0.00000 0.00000 5.22947 
0.08128 38.15605 0.00000 0.00000 0.15342 0.00000 0.00000 0.00000 0.00000 0.00000 0.00000 0.00000 0.00000 38.53259 0.00000 0.00000 0.00000 7.46625 
0.08216 35.90583 0.00000 0.00000 0.16887 0.00000 0.00000 0.00000 0.00000 0.00000 0.00000 0.00000 0.00000 37.76409 0.00000 0.00000 0.00000 10.29237 
0.08303 33.24062 0.00000 0.00000 0.18042 0.00000 0.00000 0.00000 0.00000 0.00000 0.00000 0.00000 0.00000 37.00611 0.00000 0.00000 0.00000 13.64917 
0.08391 30.23854 0.00000 0.00000 0.18857 0.00000 0.00000 0.00000 0.00000 0.00000 0.00000 0.00000 0.00000 36.20772 0.00000 0.00000 0.00000 17.37474 
0.08478 27.10397 0.00000 0.00000 0.19458 0.00000 0.00000 0.00000 0.00000 0.00000 0.00000 0.00000 0.00000 35.32298 0.00000 0.00000 0.00000 21.21282 
0.08565 24.08492 0.00000 0.00000 0.20005 0.00000 0.00000 0.00000 0.00000 0.00000 0.00000 0.00000 0.00000 34.21054 0.00000 0.00000 0.00000 24.85172 
0.08653 21.36366 0.00000 0.00000 0.20642 0.00000 0.00000 0.00000 0.00000 0.00000 0.00000 0.00000 0.00000 32.64262 0.00000 0.00000 0.00000 27.98478 
0.08740 18.99615 0.00000 0.00000 0.21471 0.00000 0.00000 0.00000 0.00000 0.00000 0.00000 0.00000 0.00000 30.43960 0.00000 0.00000 0.00000 30.37917 
0.08828 16.93476 0.00000 0.00000 0.22584 0.00000 0.00000 0.00000 0.00000 0.00000 0.00000 0.00000 0.00000 27.62710 0.00000 0.00000 0.00000 31.93897 
0.08915 15.10327 0.00000 0.00000 0.24149 0.00000 0.00000 0.00000 0.00000 0.00000 0.00000 0.00000 0.00000 24.47459 0.00000 0.00000 0.00000 32.74905 
0.09002 13.45992 0.00000 0.00000 0.26547 0.00000 0.00000 0.00000 0.00000 0.00000 0.00000 0.00000 0.00000 21.36403 0.00000 0.00000 0.00000 33.08392 
0.09090 12.00829 0.00000 0.00000 0.30501 0.00000 0.00000 0.00000 0.00000 0.00000 0.00000 0.00000 0.00000 18.58133 0.00000 0.00000 0.00000 33.36530 
0.09177 10.76488 0.00000 0.00000 0.37190 0.00000 0.00000 0.00000 0.00000 0.00000 0.00000 0.00000 0.00000 16.19034 0.00000 0.00000 0.00000 34.06087 
0.09265 9.71751 0.00000 0.00001 0.48311 0.00000 0.00000 0.00000 0.00000 0.00000 0.00000 0.00000 0.00000 14.07510 0.00000 0.00000 0.00000 35.53981 
0.09352 8.79639 0.00000 0.00002 0.66109 0.00000 0.00000 0.00000 0.00000 0.00000 0.00000 0.00000 0.00000 12.08905 0.00000 0.00000 0.00000 37.92829 
0.09439 7.86270 0.00000 0.00005 0.93396 0.00000 0.00000 0.00000 0.00000 0.00000 0.00000 0.00000 0.00000 10.17216 0.00000 0.00000 0.00000 41.02333 
0.09527 6.72471 0.00000 0.00010 1.33535 0.00000 0.00000 0.00000 0.00000 0.00000 0.00000 0.00000 0.00000 8.35420 0.00000 0.00000 0.00000 44.31059 
0.09614 5.20099 0.00000 0.00021 1.90323 0.00000 0.00000 0.00000 0.00000 0.00000 0.00000 0.00000 0.00000 6.68685 0.00000 0.00000 0.00000 47.09192 
0.09702 3.22889 0.00000 0.00040 2.67698 0.00000 0.00000 0.00000 0.00000 0.00000 0.00000 0.00000 0.00000 5.20372 0.00000 0.00000 0.00000 48.68177 
0.09789 0.96040 0.00000 0.00077 3.69190 0.00000 0.00000 0.00000 0.00000 0.00000 0.00001 0.00000 0.00000 3.94503 0.00000 0.00000 0.00000 48.60360 
0.09876 -1.24187 0.00000 0.00143 4.97167 0.00000 0.00000 0.00000 0.00000 0.00000 0.00002 0.00000 0.00000 2.98368 0.00000 0.00000 0.00000 46.72190 
0.09964 -2.94781 0.00000 0.00256 6.52030 0.00000 0.00000 0.00000 0.00000 0.00000 0.00005 0.00000 0.00000 2.37559 0.00000 0.00000 0.00000 43.27514 
0.10051 -3.87320 0.00000 0.00442 8.31581 0.00000 0.00000 0.00000 0.00000 0.00000 0.00010 0.00000 0.00000 2.05181 0.00000 0.00000 0.00000 38.81100 
0.10139 -4.02031 0.00000 0.00737 10.30813 0.00000 0.00000 0.00000 0.00000 0.00000 0.00021 0.00000 0.00000 1.76717 0.00000 0.00000 0.00000 34.04911 
0.10226 -3.64602 0.00000 0.01187 12.42229 0.00000 0.00000 0.00000 0.00000 0.00000 0.00040 0.00000 0.00000 1.19937 0.00000 0.00000 0.00000 29.70823 
0.10313 -3.08914 0.00000 0.01845 14.56700 0.00000 0.00000 0.00000 0.00000 0.00000 0.00076 0.00000 0.00000 0.15660 0.00000 0.00000 0.00000 26.33914 
0.10401 -2.59332 0.00000 0.02762 16.64707 0.00000 0.00000 0.00000 0.00000 0.00000 0.00141 0.00000 0.00000 -1.26684 0.00000 0.00000 0.00000 24.20687 
0.10488 -2.24532 0.00000 0.03979 18.57735 0.00000 0.00000 0.00000 0.00000 0.00000 0.00252 0.00000 0.00000 -2.72338 0.00000 0.00000 0.00000 23.25727 
0.10576 -2.03470 0.00000 0.05512 20.29552 0.00000 0.00000 0.00000 0.00000 0.00000 0.00437 0.00000 0.00000 -3.81849 0.00000 0.00000 0.00000 23.17790 
0.10663 -1.94265 0.00000 0.07330 21.77075 0.00000 0.00000 0.00000 0.00000 0.00000 0.00734 0.00000 0.00000 -4.33684 0.00000 0.00000 0.00000 23.52455 
0.10750 -1.97499 0.00000 0.09341 23.00567 0.00000 0.00000 0.00000 0.00000 0.00000 0.01192 0.00000 0.00000 -4.33303 0.00000 0.00000 0.00000 23.85671 
0.10838 -2.13932 0.00000 0.11389 24.03058 0.00000 0.00000 0.00000 0.00000 0.00000 0.01873 0.00000 0.00000 -4.05306 0.00000 0.00000 0.00000 23.82878 
0.10925 -2.42512 0.00000 0.13264 24.89070 0.00000 0.00000 0.00000 0.00000 0.00000 0.02846 0.00000 0.00000 -3.77539 0.00000 0.00000 0.00000 23.22035 
0.11013 -2.82121 0.00000 0.14733 25.63023 0.00000 0.00000 0.00000 0.00000 0.00000 0.04174 0.00000 0.00000 -3.68525 0.00000 0.00000 0.00000 21.93116 
0.11100 -3.34145 0.00000 0.15596 26.27856 0.00000 0.00000 0.00000 0.00000 0.00000 0.05907 0.00000 0.00000 -3.83263 0.00000 0.00000 0.00000 19.97949 
0.11187 -4.01164 0.00000 0.15754 26.84338 0.00000 0.00000 0.00000 0.00000 0.00000 0.08053 0.00000 0.00000 -4.15732 0.00000 0.00000 0.00000 17.51546 
0.11275 -4.82098 0.00000 0.15263 27.31246 0.00000 0.00000 0.00000 0.00000 0.00000 0.10565 0.00000 0.00000 -4.54529 0.00000 0.00000 0.00000 14.81934 
0.11362 -5.69276 0.00000 0.14363 27.66232 0.00000 0.00000 0.00000 0.00000 0.00000 0.13317 0.00000 0.00000 -4.89231 0.00000 0.00000 0.00000 12.24218 
0.11450 -6.51215 0.00000 0.13455 27.86928 0.00000 0.00000 0.00000 0.00000 0.00000 0.16106 0.00000 0.00000 -5.15284 0.00001 0.00000 0.00000 10.08348 
0.11537 -7.18348 0.00000 0.13018 27.91827 0.00000 0.00000 0.00000 0.00000 0.00000 0.18660 0.00000 0.00000 -5.34836 0.00001 0.00000 0.00000 8.46363 
0.11624 -7.65671 0.00000 0.13503 27.80681 0.00000 0.00000 0.00000 0.00000 0.00000 0.20689 0.00000 0.00000 -5.52763 0.00003 0.00000 0.00000 7.27990 
0.11712 -7.90465 0.00000 0.15228 27.54495 0.00000 0.00000 0.00000 0.00000 0.00000 0.21942 0.00000 0.00000 -5.71208 0.00006 0.00000 0.00000 6.29557 
0.11799 -7.89668 0.00000 0.18357 27.15263 0.00000 0.00000 0.00000 0.00000 0.00000 0.22293 0.00000 0.00000 -5.87732 0.00011 0.00000 0.00000 5.31753 
0.11887 -7.61744 0.00000 0.23000 26.65634 0.00000 0.00000 0.00000 0.00000 0.00000 0.21803 0.00000 0.00000 -5.98631 0.00022 0.00000 0.00000 4.34053 
0.11974 -7.11280 0.00000 0.29440 26.08597 0.00000 0.00000 0.00000 0.00000 0.00000 0.20761 0.00000 0.00000 -6.03383 0.00043 0.00000 0.00000 3.54655 
0.12061 -6.49732 0.00000 0.38445 25.47105 0.00000 0.00000 0.00000 0.00000 0.00000 0.19657 0.00000 0.00000 -6.05190 0.00079 0.00000 0.00000 3.15128 
0.12149 -5.89482 0.00000 0.51563 24.83667 0.00000 0.00000 0.00000 0.00000 0.00000 0.19093 0.00000 0.00000 -6.07577 0.00142 0.00000 0.00000 3.21123 
0.12236 -5.36649 0.00000 0.71279 24.19987 0.00000 0.00000 0.00000 0.00000 0.00000 0.19669 0.00000 0.00000 -6.11793 0.00249 0.00000 0.00000 3.54400 
0.12324 -4.90577 0.00000 1.00942 23.56763 0.00000 0.00000 0.00000 0.00000 0.00000 0.21869 0.00000 0.00000 -6.18168 0.00422 0.00000 0.00000 3.82869 
0.12411 -4.50730 0.00001 1.44442 22.93679 0.00000 0.00000 0.00000 0.00000 0.00000 0.26044 0.00000 0.00000 -6.28504 0.00693 0.00000 0.00000 3.80878 
0.12498 -4.22962 0.00001 2.05699 22.29588 0.00000 0.00000 0.00000 0.00000 0.00000 0.32530 0.00000 0.00000 -6.44287 0.01105 0.00000 0.00000 3.43558 
0.12586 -4.17512 0.00003 2.88074 21.62927 0.00000 0.00000 0.00000 0.00000 0.00000 0.41926 0.00000 0.00000 -6.61066 0.01706 0.00000 0.00000 2.84343 
0.12673 -4.40357 0.00006 3.93793 20.92276 0.00000 0.00000 0.00000 0.00000 0.00000 0.55472 0.00000 0.00000 -6.66375 0.02550 0.00000 0.00000 2.19249 
0.12761 -4.87024 0.00012 5.23438 20.17062 0.00001 0.00000 0.00001 0.00000 0.00000 0.75413 0.00000 0.00000 -6.47370 0.03685 0.00000 0.00000 1.52668 
0.12848 -5.44974 0.00023 6.75480 19.38251 0.00002 0.00000 0.00002 0.00000 0.00000 1.05189 0.00000 0.00000 -6.04210 0.05146 0.00000 0.00000 0.77228 
0.12935 -6.01325 0.00043 8.45862 18.58504 0.00004 0.00000 0.00003 0.00000 0.00000 1.49352 0.00000 0.00000 -5.56715 0.06935 0.00000 0.00000 -0.13158 
0.13023 -6.48197 0.00078 10.27705 17.81497 0.00007 0.00000 0.00006 0.00000 0.00000 2.13143 0.00000 0.00000 -5.35510 0.09005 0.00000 0.00000 -1.10232 
0.13110 -6.82776 0.00138 12.11362 17.10439 0.00014 0.00000 0.00013 0.00000 0.00000 3.01810 0.00000 0.00000 -5.62603 0.11254 0.00000 0.00000 -1.91507 
0.13198 -7.05988 0.00238 13.85119 16.46400 0.00026 0.00000 0.00024 0.00000 0.00000 4.19797 0.00000 0.00000 -6.36693 0.13513 0.00000 0.00000 -2.34571 
0.13285 -7.23524 0.00400 15.36744 15.87460 0.00047 0.00000 0.00044 0.00000 0.00000 5.69957 0.00000 0.00000 -7.34918 0.15564 0.00000 0.00000 -2.33636 
0.13372 -7.46827 0.00654 16.55820 15.29471 0.00085 0.00000 0.00080 0.00000 0.00000 7.52873 0.00000 0.00000 -8.28735 0.17173 0.00000 0.00000 -2.04422 
0.13460 -7.88827 0.01040 17.36387 14.68259 0.00150 0.00000 0.00141 0.00000 0.00000 9.66286 0.00000 0.00000 -9.00563 0.18134 0.00000 0.00000 -1.73661 
0.13547 -8.54688 0.01607 17.79091 14.02000 0.00256 0.00000 0.00242 0.00000 0.00000 12.04615 0.00000 0.00000 -9.49244 0.18337 0.00000 0.00000 -1.62311 
0.13635 -9.35278 0.02411 17.91955 13.32372 0.00427 0.00000 0.00406 0.00000 0.00000 14.58624 0.00000 0.00000 -9.83324 0.17816 0.00000 0.00000 -1.75535 
0.13722 -10.10765 0.03512 17.89207 12.63597 0.00691 0.00000 0.00662 0.00000 0.00000 17.15466 0.00000 0.00000 -10.10678 0.16791 0.00000 0.00000 -2.05183 
0.13809 -10.62960 0.04959 17.88192 12.00047 0.01089 0.00000 0.01052 0.00000 0.00000 19.59476 0.00000 0.00000 -10.33562 0.15657 0.00000 0.00000 -2.39627 
0.13897 -10.86918 0.06782 18.05073 11.43938 0.01669 0.00000 0.01628 0.00000 0.00000 21.74014 0.00000 0.00000 -10.51385 0.14936 0.00001 0.00000 -2.71262 
0.13984 -10.93288 0.08973 18.50579 10.94594 0.02485 0.00000 0.02448 0.00000 0.00000 23.44392 0.00000 0.00000 -10.66329 0.15205 0.00001 0.00000 -2.96758 
0.14072 -11.00991 0.11466 19.27118 10.49529 0.03592 0.00000 0.03579 0.00000 0.00000 24.61332 0.00000 0.00000 -10.85303 0.17009 0.00002 0.00000 -3.13200 
0.14159 -11.26433 0.14132 20.28302 10.06384 0.05035 0.00000 0.05080 0.00000 0.00000 25.23933 0.00000 0.00000 -11.15780 0.20840 0.00005 0.00000 -3.16624 
0.14246 -11.75724 0.16769 21.41115 9.64162 0.06839 0.00000 0.06994 0.00000 0.00000 25.40910 0.00000 0.00000 -11.59113 0.27189 0.00009 0.00000 -3.05531 
0.14334 -12.42728 0.19117 22.50157 9.23042 0.08988 0.00000 0.09334 0.00000 0.00000 25.29218 0.00000 0.00000 -12.07770 0.36707 0.00017 0.00000 -2.85490 
0.14421 -13.12963 0.20896 23.42627 8.83377 0.11414 0.00000 0.12057 0.00000 0.00000 25.10037 0.00000 0.00000 -12.50024 0.50451 0.00031 0.00000 -2.68789 
0.14509 -13.71741 0.21858 24.12285 8.45004 0.13983 0.00000 0.15057 0.00000 0.00000 25.03116 0.00000 0.00000 -12.78784 0.70143 0.00056 0.00000 -2.67379 
0.14596 -14.12814 0.21854 24.60956 8.07530 0.16499 0.00000 0.18158 0.00000 0.00000 25.21260 0.00000 0.00000 -12.96827 0.98349 0.00099 0.00000 -2.83948 
0.14684 -14.41973 0.20901 24.96878 7.71092 0.18711 0.00000 0.21117 0.00000 0.00000 25.66828 0.00000 0.00000 -13.13358 1.38482 0.00170 0.00000 -3.08576 
0.14771 -14.72319 0.19235 25.30466 7.36511 0.20358 0.00000 0.23657 0.00000 0.00000 26.31512 0.00000 0.00000 -13.35158 1.94576 0.00284 0.00000 -3.24440 
0.14858 -15.14265 0.17319 25.69132 7.04489 0.21216 0.00000 0.25516 0.00000 0.00000 26.99475 0.00000 0.00000 -13.61166 2.70816 0.00464 0.00000 -3.18785 
0.14946 -15.68224 0.15814 26.13343 6.74319 0.21166 0.00000 0.26510 0.00000 0.00001 27.52795 0.00000 0.00000 -13.85979 3.70891 0.00739 0.00000 -2.90994 
0.15033 -16.25521 0.15510 26.55713 6.43471 0.20260 0.00001 0.26612 0.00000 0.00002 27.77372 0.00000 0.00000 -14.08205 4.97254 0.01145 0.00000 -2.51865 
0.15121 -16.75523 0.17245 26.83645 6.08804 0.18764 0.00002 0.25998 0.00000 0.00003 27.67330 0.00000 0.00000 -14.34150 6.50386 0.01727 0.00000 -2.15277 
0.15208 -17.12120 0.21856 26.84475 5.68620 0.17167 0.00003 0.25086 0.00000 0.00006 27.26524 0.00000 0.00000 -14.72212 8.28156 0.02535 0.00000 -1.89400 
0.15295 -17.35435 0.30210 26.50948 5.24104 0.16151 0.00006 0.24507 0.00000 0.00012 26.66699 0.00000 0.00000 -15.23761 10.25362 0.03617 0.00000 -1.74499 
0.15383 -17.50424 0.43340 25.84629 4.78813 0.16516 0.00011 0.25043 0.00000 0.00022 26.03000 0.00000 0.00000 -15.80491 12.33567 0.05013 0.00000 -1.68264 
0.15470 -17.65526 0.62677 24.95799 4.36551 0.19097 0.00020 0.27544 0.00000 0.00039 25.48476 0.00000 0.00000 -16.31390 14.41389 0.06743 0.00000 -1.72761 
0.15558 -17.90867 0.90333 23.99935 3.99306 0.24719 0.00037 0.32853 0.00000 0.00069 25.09660 0.00000 0.00000 -16.71907 16.35428 0.08793 0.00000 -1.95614 
0.15645 -18.33310 1.29319 23.12272 3.66711 0.34220 0.00065 0.41817 0.00000 0.00118 24.84966 0.00000 0.00000 -17.05558 18.01941 0.11102 0.00001 -2.43480 
0.15732 -18.89513 1.83587 22.42753 3.37373 0.48585 0.00113 0.55405 0.00000 0.00199 24.66578 0.00000 0.00000 -17.36679 19.29156 0.13555 0.00001 -3.13456 
0.15820 -19.43526 2.57799 21.93349 3.10681 0.69180 0.00193 0.74952 0.00000 0.00326 24.44923 0.00000 0.00000 -17.62946 20.09876 0.15982 0.00002 -3.90760 
0.15907 -19.74223 3.56774 21.58575 2.87384 0.98029 0.00321 1.02496 0.00000 0.00524 24.13574 0.00000 0.00000 -17.76521 20.43702 0.18171 0.00004 -4.55996 
0.15995 -19.68970 4.84662 21.28646 2.68549 1.38039 0.00522 1.41088 0.00001 0.00820 23.72102 0.00000 0.00000 -17.73129 20.38112 0.19895 0.00008 -4.96881 
0.16082 -19.32709 6.43961 20.93594 2.53891 1.93048 0.00830 1.94958 0.00002 0.01253 23.25439 0.00000 0.00000 -17.59529 20.07784 0.20959 0.00015 -5.15129 
0.16169 -18.84532 8.34543 20.46479 2.41118 2.67586 0.01290 2.69376 0.00003 0.01866 22.80161 0.00000 0.00000 -17.51190 19.71997 0.21252 0.00028 -5.23290 
0.16257 -18.45019 10.52866 19.84470 2.27007 3.66321 0.01956 3.70142 0.00007 0.02707 22.39900 0.00000 0.00000 -17.61770 19.50545 0.20800 0.00049 -5.34850 
0.16344 -18.25290 12.91515 19.07957 2.09492 4.93210 0.02894 5.02709 0.00012 0.03825 22.02615 0.00000 0.00000 -17.93824 19.59149 0.19806 0.00085 -5.56218 
0.16432 -18.25561 15.39185 18.18862 1.88921 6.50502 0.04175 6.71071 0.00023 0.05258 21.61387 0.00000 0.00000 -18.38419 20.05651 0.18672 0.00145 -5.86442 
0.16519 -18.41126 17.81208 17.19704 1.67500 8.37767 0.05866 8.76621 0.00041 0.07024 21.08351 0.00001 0.00000 -18.82709 20.88104 0.17979 0.00241 -6.22876 
0.16606 -18.67986 20.00714 16.14160 1.47374 10.51155 0.08023 11.17241 0.00072 0.09111 20.39441 0.00002 0.00000 -19.18085 21.95399 0.18452 0.00392 -6.65805 
0.16694 -19.03595 21.80478 15.08353 1.28975 12.83035 0.10669 13.86798 0.00123 0.11460 19.57113 0.00003 0.00000 -19.42772 23.10321 0.20907 0.00623 -7.17107 
0.16781 -19.45091 23.05408 14.11278 1.10970 15.22139 0.13777 16.75183 0.00208 0.13960 18.69360 0.00005 0.00000 -19.59059 24.14182 0.26230 0.00967 -7.74871 
0.16869 -19.89400 23.65423 13.32907 0.91682 17.54253 0.17251 19.68888 0.00341 0.16444 17.85443 0.00010 0.00000 -19.69729 24.91698 0.35394 0.01468 -8.30516 
0.16956 -20.35620 23.58145 12.80170 0.70464 19.63501 0.20913 22.52126 0.00548 0.18705 17.10717 0.00018 0.00000 -19.77240 25.34689 0.49560 0.02175 -8.72789 
0.17043 -20.85971 22.90677 12.52719 0.47748 21.34219 0.24496 25.08421 0.00861 0.20513 16.43506 0.00032 0.00000 -19.85073 25.43481 0.70237 0.03144 -8.96216 
0.17131 -21.42842 21.79630 12.41408 0.23904 22.53336 0.27661 27.22657 0.01319 0.21664 15.76041 0.00056 0.00000 -19.98315 25.25675 0.99480 0.04432 -9.06675 
0.17218 -22.04387 20.48906 12.31121 -0.01894 23.13007 0.30037 28.83466 0.01972 0.22027 14.99284 0.00094 0.00000 -20.21838 24.92753 1.40041 0.06087 -9.18631 
0.17306 -22.63458 19.25338 12.07065 -0.31256 23.13022 0.31279 29.85648 0.02875 0.21599 14.09236 0.00157 0.00000 -20.57366 24.55807 1.95396 0.08138 -9.45575 
0.17393 -23.11632 18.33046 11.61409 -0.64767 22.62287 0.31153 30.32095 0.04085 0.20559 13.11106 0.00255 0.00000 -21.02136 24.21934 2.69558 0.10579 -9.91266 
0.17480 -23.44917 17.87972 10.96425 -1.00240 21.78622 0.29635 30.34430 0.05650 0.19291 12.18376 0.00405 0.00000 -21.50553 23.92581 3.66638 0.13361 -10.48840 
0.17568 -23.66071 17.94271 10.22385 -1.32983 20.86382 0.26992 30.11647 0.07602 0.18386 11.46321 0.00631 0.00000 -21.97703 23.64266 4.90166 0.16371 -11.08080 
0.17655 -23.81829 18.43769 9.51503 -1.58258 20.11959 0.23854 29.86441 0.09936 0.18617 11.02876 0.00959 0.00000 -22.42082 23.31124 6.42259 0.19437 -11.64038 
0.17743 -23.98001 19.18828 8.91456 -1.74332 19.77997 0.21226 29.79667 0.12602 0.20898 10.82078 0.01426 0.00000 -22.85525 22.87981 8.22764 0.22330 -12.19168 
0.17830 -24.16667 19.97804 8.42163 -1.83728 19.97795 0.20458 30.04309 0.15486 0.26249 10.64777 0.02070 0.00000 -23.30407 22.32596 10.28550 0.24793 -12.77348 
0.17917 -24.36998 20.61411 7.97285 -1.91570 20.71664 0.23176 30.60903 0.18410 0.35794 10.27576 0.02932 0.00000 -23.76236 21.66254 12.53098 0.26574 -13.35970 
0.18005 -24.57745 20.97969 7.48997 -2.02292 21.86574 0.31185 31.36333 0.21132 0.50830 9.55791 0.04050 0.00000 -24.18326 20.92798 14.86514 0.27491 -13.84445 
0.18092 -24.78690 21.05929 6.92812 -2.17110 23.19533 0.46416 32.06992 0.23376 0.72946 8.52832 0.05452 0.00000 -24.49898 20.16879 17.16062 0.27490 -14.11420 
0.18180 -25.00150 20.92977 6.29777 -2.33850 24.43844 0.70929 32.45802 0.24871 1.04199 7.39627 0.07145 0.00000 -24.66493 19.42414 19.27257 0.26711 -14.14522 
0.18267 -25.21857 20.72247 5.65324 -2.49057 25.36386 1.07030 32.30992 0.25411 1.47263 6.43360 0.09109 0.00000 -24.69694 18.71847 21.05496 0.25531 -14.03549 
0.18354 -25.42825 20.57104 5.06289 -2.60429 25.83606 1.57477 31.53616 0.24927 2.05490 5.81803 0.11283 0.00000 -24.67369 18.06208 22.38134 0.24585 -13.93980 
0.18442 -25.62487 20.56394 4.58007 -2.67873 25.84352 2.25722 30.20984 0.23553 2.82778 5.52927 0.13564 0.00001 -24.70033 17.45512 23.16752 0.24752 -13.96730 
0.18529 -25.82034 20.71838 4.22853 -2.72914 25.48751 3.16089 28.54572 0.21678 3.83191 5.36638 0.15810 0.00002 -24.85754 16.88972 23.39224 0.27121 -14.13310 
0.18617 -26.04762 20.98341 4.00333 -2.77446 24.93715 4.33719 26.83020 0.19969 5.10321 5.07788 0.17844 0.00003 -25.17078 16.34837 23.11048 0.32943 -14.39803 
0.18704 -26.35109 21.26845 3.87941 -2.83080 24.36825 5.84177 25.32746 0.19345 6.66446 4.52147 0.19486 0.00006 -25.61695 15.80125 22.45367 0.43624 -14.74300 
0.18791 -26.76845 21.48378 3.82073 -2.91380 23.90790 7.72612 24.19655 0.20934 8.51612 3.75032 0.20586 0.00011 -26.15588 15.20786 21.61339 0.60757 -15.19536 
0.18879 -27.31249 21.57475 3.78757 -3.04356 23.60354 10.02490 23.44987 0.26004 10.62835 2.97283 0.21064 0.00019 -26.75681 14.52708 20.80839 0.86234 -15.78186 
0.18966 -27.96181 21.53549 3.74279 -3.24278 23.42548 12.74070 22.96751 0.35917 12.93584 2.41824 0.20959 0.00034 -27.40051 13.73515 20.24072 1.22418 -16.46386 
0.19054 -28.66673 21.39771 3.65745 -3.52856 23.29845 15.82871 22.55961 0.52151 15.33737 2.20047 0.20471 0.00058 -28.06423 12.84458 20.05097 1.72322 -17.13044 
0.19141 -29.37024 21.20282 3.51414 -3.90359 23.14684 19.18518 22.05038 0.76390 17.70086 2.26689 0.19986 0.00097 -28.71291 11.91343 20.28542 2.39717 -17.66538 
0.19228 -30.03310 20.97355 3.30744 -4.35413 22.93326 22.64331 21.34918 1.10703 19.87446 2.45422 0.20082 0.00159 -29.31153 11.03552 20.88580 3.29064 -18.02972 
0.19316 -30.64668 20.70130 3.04261 -4.85820 22.67338 25.97973 20.47964 1.57758 21.70297 2.60052 0.21514 0.00257 -29.84839 10.30998 21.70633 4.45173 -18.28700 
0.19403 -31.22431 20.35565 2.73496 -5.39735 22.42105 28.93314 19.55567 2.20979 23.04844 2.63210 0.25193 0.00407 -30.34500 9.80055 22.55460 5.92549 -18.55508 
0.19491 -31.77780 19.91007 2.41010 -5.96346 22.23141 31.23457 18.71595 3.04542 23.81263 2.57439 0.32161 0.00632 -30.83880 9.50361 23.24431 7.74463 -18.93261 
0.19578 -32.29765 19.36775 2.10140 -6.55502 22.12104 32.64654 18.04706 4.13095 23.95779 2.49601 0.43593 0.00960 -31.35066 9.34374 23.64429 9.91866 -19.46011 
0.19665 -32.75146 18.77104 1.84135 -7.16779 22.04616 33.00574 17.53196 5.51130 23.52164 2.43853 0.60842 0.01429 -31.86444 9.20357 23.70872 12.42356 -20.13076 
0.19753 -33.09995 18.18749 1.64722 -7.78879 21.91187 32.26231 17.04966 7.22034 22.62127 2.38244 0.85521 0.02082 -32.33449 8.97537 23.47994 15.19445 -20.91846 
0.19840 -33.31683 17.67915 1.50829 -8.39937 21.60941 30.50726 16.42913 9.26938 21.44232 2.26257 1.19615 0.02966 -32.71198 8.60783 23.06480 18.12325 -21.78624 
0.19928 -33.39955 17.27217 1.38304 -8.98633 21.06374 27.97987 15.53333 11.63565 20.21155 2.00978 1.65578 0.04133 -32.96521 8.12169 22.59352 21.06312 -22.67263 
0.20015 -33.36739 16.94486 1.21069 -9.55199 20.26742 25.04850 14.33273 14.25362 19.15611 1.58649 2.26347 0.05625 -33.07958 7.58552 22.17597 23.83985 -23.48444 
0.20102 -33.25221 16.64212 0.93319 -10.11292 19.28348 22.16269 12.93021 17.01154 18.45693 1.00045 3.05220 0.07474 -33.04576 7.06732 21.86982 26.26960 -24.11993 
0.20190 -33.08800 16.30913 0.51872 -10.68800 18.21648 19.78004 11.52201 19.75546 18.20824 0.30118 4.05530 0.09684 -32.85610 6.59256 21.66999 28.18144 -24.51314 
0.20277 -32.90133 15.92522 -0.02459 -11.28456 17.16811 18.27911 10.31208 22.30118 18.39541 -0.43200 5.30114 0.12226 -32.51675 6.13524 21.52097 29.44186 -24.66519 
0.20365 -32.70365 15.51721 -0.64956 -11.89367 16.20147 17.87581 9.42245 24.45401 18.90008 -1.11036 6.80608 0.15022 -32.06150 5.64554 21.34498 29.97823 -24.63565 
0.20452 -32.48655 15.14200 -1.28594 -12.49957 15.33227 18.56445 8.84569 26.03425 19.53370 -1.66864 8.56685 0.17942 -31.54644 5.09332 21.07420 29.79722 -24.50001 
0.20539 -32.22134 14.84570 -1.86610 -13.09576 14.54809 20.10251 8.46436 26.90573 20.09158 -2.10261 10.55371 0.20804 -31.02142 4.49639 20.67418 28.99354 -24.30800 
0.20627 -31.86146 14.62194 -2.35076 -13.69375 13.84010 22.05015 8.12583 27.00312 20.41181 -2.48688 12.70623 0.23388 -30.49750 3.91494 20.15062 27.74471 -24.07635 
0.20714 -31.34416 14.39585 -2.74496 -14.31773 13.22373 23.86168 7.73009 26.35348 20.42059 -2.94849 14.93333 0.25465 -29.93453 3.41770 19.53901 26.28893 -23.81885 
0.20802 -30.58885 14.04828 -3.09591 -14.98956 12.73242 25.01112 7.28027 25.08602 20.14955 -3.59825 17.11836 0.26836 -29.25538 3.04458 18.88440 24.88643 -23.58218 
0.20889 -29.49464 13.47211 -3.47281 -15.71402 12.38629 25.12153 6.86651 23.42510 19.71954 -4.45748 19.12976 0.27388 -28.37088 2.79027 18.22222 23.76955 -23.44887 
0.20976 -27.94304 12.63139 -3.93647 -16.47432 12.15567 24.06285 6.59230 21.66315 19.29737 -5.43085 20.83648 0.27158 -27.19558 2.61610 17.56943 23.09210 -23.49634 
0.21064 -25.81066 11.58779 -4.51326 -17.23724 11.94579 21.98891 6.48770 20.11364 19.04075 -6.34984 22.12643 0.26391 -25.65020 2.47677 16.92854 22.89177 -23.74217 
0.21151 -22.99095 10.47460 -5.18533 -17.96274 11.61998 19.29977 6.46420 19.05077 19.05063 -7.06290 22.92561 0.25586 -23.66402 2.34103 16.29968 23.07909 -24.12194 
0.21239 -19.41885 9.42860 -5.90042 -18.61121 11.05651 16.53726 6.34435 18.64820 19.34623 -7.51447 23.21456 0.25528 -21.19021 2.19439 15.69102 23.46024 -24.52141 
0.21326 -15.09008 8.51795 -6.59431 -19.14905 10.21191 14.24161 5.95614 18.93291 19.86926 -7.76353 23.03861 0.27277 -18.23093 2.02855 15.11979 23.79097 -24.83955 
0.21413 -10.07090 7.71024 -7.21549 -19.55473 9.15427 12.81043 5.24023 19.77036 20.51247 -7.93582 22.50840 0.32159 -14.85467 1.83144 14.60275 23.84766 -25.03400 
0.21501 -4.49836 6.90282 -7.74188 -19.82480 8.04126 12.40071 4.30418 20.89020 21.15963 -8.14736 21.78827 0.41720 -11.19092 1.58783 14.14263 23.49347 -25.11917 
0.21588 1.42609 5.99843 -8.18452 -19.97606 7.04648 12.90207 3.38199 21.95075 21.72078 -8.44863 21.07207 0.57716 -7.40295 1.28822 13.72122 22.71690 -25.13038 
0.21676 7.44841 4.97897 -8.58048 -20.04102 6.26963 13.98688 2.71053 22.62730 22.15017 -8.81581 20.54894 0.82107 -3.65376 0.93599 13.30624 21.62861 -25.09365 
0.21763 13.27904 3.92883 -8.97768 -20.05870 5.68079 15.21854 2.38765 22.69917 22.44259 -9.18093 20.36502 1.17117 -0.08115 0.54559 12.87069 20.41709 -25.02706 
0.21850 18.61517 2.99054 -9.41850 -20.06683 5.13588 16.18169 2.29689 22.10863 22.61321 -9.47441 20.58964 1.65304 3.21297 0.13475 12.41396 19.27933 -24.96306 
0.21938 23.16575 2.27949 -9.92707 -20.10062 4.46101 16.59246 2.15393 20.97198 22.67302 -9.65780 21.19566 2.29656 6.16476 -0.28061 11.97066 18.35305 -24.95875 
0.22025 26.67753 1.81216 -10.50384 -20.19588 3.56075 16.35635 1.66101 19.53851 22.61302 -9.73894 22.06127 3.13605 8.75179 -0.68356 11.59836 17.67644 -25.07424 
0.22113 28.96281 1.49423 -11.12794 -20.38933 2.48569 15.56089 0.68693 18.11104 22.40547 -9.77029 22.99585 4.20925 11.00096 -1.05052 11.34697 17.19026 -25.33221 
0.22200 29.93152 1.17669 -11.76468 -20.71104 1.41426 14.41388 -0.63525 16.95430 22.02106 -9.83094 23.78536 5.55402 12.99535 -1.35302 11.22435 16.77940 -25.69177 
0.22287 29.62499 0.74399 -12.37405 -21.17189 0.55488 13.15559 -1.96038 16.22245 21.45231 -9.99450 24.24644 7.20253 14.86724 -1.57114 11.17775 16.33467 -26.05958 
0.22375 28.23939 0.17931 -12.91820 -21.75381 0.02546 11.97895 -2.91378 15.92840 20.72893 -10.29325 24.27400 9.17303 16.76669 -1.71079 11.10443 15.80710 -26.33202 
0.22462 26.12137 -0.43188 -13.36728 -22.41030 -0.21538 10.98416 -3.30192 15.96161 19.91507 -10.69852 23.86828 11.46018 18.80739 -1.80963 10.89037 15.23056 -26.43981 
0.22550 23.72427 -0.95864 -13.70271 -23.07833 -0.34188 10.17735 -3.22508 16.14406 19.08736 -11.13428 23.13247 14.02553 21.00875 -1.92261 10.45982 14.70289 -26.36786 
0.22637 21.52956 -1.30457 -13.91893 -23.69540 -0.55646 9.50424 -3.02039 16.30055 18.30464 -11.52146 22.24152 16.79073 23.26291 -2.09385 9.81054 14.33384 -26.14280 
0.22724 19.95217 -1.46348 -14.02222 -24.21445 -0.97376 8.89796 -3.06636 16.31636 17.58550 -11.82704 21.39165 19.63567 25.34797 -2.33334 9.01451 14.18317 -25.80146 
0.22812 19.25372 -1.52217 -14.02815 -24.61177 -1.56645 8.31847 -3.56623 16.16292 16.90718 -12.08447 20.74648 22.40353 26.98601 -2.61454 8.18136 14.21747 -25.36186 
0.22899 19.48451 -1.61432 -13.96051 -24.88758 -2.20264 7.76962 -4.44068 15.88602 16.22728 -12.36890 20.39650 24.91375 27.92196 -2.89355 7.40236 14.30663 -24.81135 
0.22987 20.46973 -1.85434 -13.85170 -25.06118 -2.74355 7.29206 -5.39128 15.56630 15.51632 -12.74248 20.34346 26.98219 27.99247 -3.13569 6.70531 14.26460 -24.11327 
0.23074 21.84898 -2.28580 -13.74204 -25.16253 -3.13291 6.94086 -6.08897 15.27259 14.78145 -13.20718 20.51241 28.44639 27.16648 -3.33191 6.04668 13.91936 -23.22255 
0.23161 23.16665 -2.86635 -13.67434 -25.22240 -3.42082 6.76012 -6.36702 15.02864 14.06538 -13.69861 20.78433 29.19238 25.55688 -3.49770 5.34723 13.18352 -22.09859 
0.23249 23.99180 -3.49168 -13.68222 -25.26456 -3.71412 6.76447 -6.30206 14.80755 13.41897 -14.12604 21.03638 29.17845 23.41150 -3.66089 4.55126 12.09468 -20.70948 
0.23336 24.03002 -4.04452 -13.77692 -25.30261 -4.09510 6.93077 -6.14391 14.55370 12.86215 -14.43149 21.17505 28.45113 21.08529 -3.84983 3.67403 10.80650 -19.02961 
0.23424 23.18874 -4.44642 -13.94341 -25.34253 -4.56643 7.19852 -6.15054 14.21879 12.35711 -14.62712 21.15222 27.14910 18.98695 -4.08807 2.80662 9.53248 -17.03680 
0.23511 21.57735 -4.68956 -14.15053 -25.38771 -5.05498 7.47620 -6.43683 13.79188 11.81282 -14.78579 20.96150 25.49176 17.49505 -4.39182 2.07228 8.46569 -14.71466 
0.23598 19.45122 -4.83385 -14.37029 -25.44152 -5.46339 7.65220 -6.92577 13.30648 11.12330 -14.99273 20.62041 23.75185 16.85594 -4.76463 1.55876 7.70971 -12.06134 
0.23686 17.12787 -4.96945 -14.59515 -25.50513 -5.72932 7.61189 -7.41857 12.82063 10.22191 -15.29356 20.14886 22.21395 17.09641 -5.19023 1.26789 7.25137 -9.10257 
0.23773 14.90422 -5.16296 -14.84066 -25.57287 -5.85509 7.26170 -7.72794 12.38085 9.12264 -15.67435 19.55461 21.12467 17.99121 -5.63169 1.11413 6.98629 -5.90479 
0.23861 12.99347 -5.41654 -15.13243 -25.63105 -5.89720 6.55736 -7.78931 11.99126 7.92367 -16.08412 18.83160 20.64330 19.11072 -6.04429 0.97396 6.78185 -2.58232 
0.23948 11.49022 -5.66510 -15.48646 -25.66383 -5.93166 5.52795 -7.68986 11.60819 6.76767 -16.47765 17.97057 20.80418 19.94260 -6.39805 0.75508 6.54382 0.70839 
0.24036 10.36817 -5.81608 -15.89562 -25.66350 -6.01952 4.28372 -7.60927 11.16518 5.77685 -16.84353 16.97479 21.50185 20.04855 -6.69562 0.44183 6.25134 3.79218 
0.24123 9.51245 -5.80937 -16.33033 -25.63627 -6.18758 2.99829 -7.71427 10.61616 4.99669 -17.19857 15.87156 22.50652 19.20044 -6.97061 0.08943 5.94354 6.51333 
0.24210 8.77939 -5.66048 -16.75152 -25.59690 -6.42560 1.86499 -8.06683 9.97098 4.37949 -17.55994 14.71265 23.51088 17.44590 -7.26466 -0.22636 5.66937 8.77551 
0.24298 8.06378 -5.45954 -17.12674 -25.55332 -6.69571 1.03931 -8.59131 9.29889 3.81862 -17.92464 13.56275 24.20032 15.08066 -7.59861 -0.46827 5.43422 10.56666 
0.24385 7.34491 -5.32592 -17.44150 -25.49181 -6.95095 0.58909 -9.11335 8.69312 3.21573 -18.27527 12.48177 24.33043 12.54012 -7.95883 -0.66522 5.17970 11.95819 
0.24473 6.68882 -5.34710 -17.70244 -25.37437 -7.16022 0.47442 -9.44956 8.21414 2.54307 -18.60373 11.50968 23.79084 10.25282 -8.30963 -0.89182 4.81285 13.08140 
0.24560 6.20297 -5.53813 -17.93238 -25.15182 -7.33077 0.56847 -9.50363 7.84450 1.86330 -18.92621 10.66142 22.63570 8.50960 -8.62246 -1.21651 4.26927 14.09420 
0.24647 5.96424 -5.84329 -18.16046 -24.78422 -7.51324 0.71203 -9.32073 7.48598 1.29271 -19.27181 9.93275 21.06943 7.39301 -8.89960 -1.65493 3.57075 15.14990 
0.24735 5.95576 -6.17391 -18.41077 -24.25426 -7.77861 0.77855 -9.06947 7.00618 0.92720 -19.65408 9.31179 19.38950 6.78609 -9.17398 -2.15928 2.83663 16.36965 
0.24822 6.04609 -6.45686 -18.69265 -23.56481 -8.17413 0.71963 -8.95671 6.31299 0.77494 -20.05239 8.78717 17.90214 6.44912 -9.48464 -2.64791 2.23347 17.81273 
0.24910 6.02512 -6.66706 -18.99655 -22.72377 -8.68467 0.57099 -9.11787 5.41547 0.73857 -20.42199 8.34672 16.83669 6.12957 -9.84578 -3.05288 1.88547 19.44342 
0.24997 5.68357 -6.83148 -19.29773 -21.72878 -9.22818 0.41837 -9.54368 4.43244 0.66104 -20.72409 7.96738 16.28567 5.66097 -10.23175 -3.35415 1.79630 21.10625 
0.25084 4.90164 -7.00921 -19.56662 -20.56338 -9.69416 0.34293 -10.08680 3.53862 0.41021 -20.94947 7.60446 16.18945 5.01404 -10.58870 -3.58196 1.83265 22.53135 
0.25172 3.70693 -7.26065 -19.78085 -19.20693 -10.00318 0.37447 -10.54590 2.87385 -0.04883 -21.11620 7.19122 16.36896 4.28390 -10.86471 -3.79101 1.78817 23.38483 
0.25259 2.27585 -7.61904 -19.93299 -17.65062 -10.14911 0.47480 -10.77721 2.46614 -0.63863 -21.24719 6.65516 16.59340 3.62456 -11.03861 -4.02642 1.49949 23.35811 
0.25347 0.87862 -8.07366 -20.03075 -15.90819 -10.19699 0.55567 -10.76744 2.21441 -1.22124 -21.35065 5.94739 16.65742 3.16377 -11.13050 -4.30119 0.95064 22.26758 
0.25434 -0.20795 -8.57104 -20.09172 -14.01535 -10.24134 0.51856 -10.62810 1.94654 -1.68407 -21.42024 5.07159 16.44053 2.93828 -11.19050 -4.59425 0.30176 20.12770 
0.25521 -0.78446 -9.03629 -20.13752 -12.01958 -10.35590 0.29501 -10.52250 1.52368 -2.00545 -21.44991 4.09547 15.92925 2.87846 -11.27551 -4.86484 -0.18418 17.17102 
0.25609 -0.78051 -9.40802 -20.19020 -9.96807 -10.56752 -0.12967 -10.57602 0.93233 -2.25922 -21.44464 3.13413 15.19801 2.84581 -11.42767 -5.07351 -0.28455 13.81065 
0.25696 -0.26088 -9.67075 -20.27020 -7.90153 -10.86381 -0.71489 -10.82276 0.30728 -2.55876 -21.41579 2.30843 14.36090 2.70109 -11.66290 -5.20069 0.04707 10.55923 
0.25784 0.60750 -9.86584 -20.39106 -5.85646 -11.21796 -1.38066 -11.20958 -0.13427 -2.97997 -21.36864 1.69591 13.51671 2.36755 -11.97024 -5.25698 0.63279 7.92640 
0.25871 1.61002 -10.07061 -20.55101 -3.87265 -11.60656 -2.03165 -11.64026 -0.21611 -3.51475 -21.29972 1.29814 12.71065 1.85958 -12.31853 -5.28200 1.14627 6.31433 
0.25958 2.53895 -10.35460 -20.72649 -1.99862 -12.00984 -2.58156 -12.02502 0.08475 -4.08301 -21.21066 1.04260 11.92708 1.26761 -12.66730 -5.33023 1.27800 5.92726 
0.26046 3.23237 -10.73783 -20.87646 -0.28880 -12.40381 -2.97333 -12.31050 0.60524 -4.59092 -21.12599 0.82010 11.11336 0.71276 -12.98032 -5.44803 0.90022 6.71089 
0.26133 3.59122 -11.17734 -20.96042 1.20910 -12.75985 -3.19193 -12.48687 1.06812 -4.99332 -21.09494 0.54026 10.22102 0.29783 -13.23860 -5.65193 0.13625 8.34122 
0.26221 3.57866 -11.59116 -20.96229 2.47075 -13.05615 -3.26651 -12.58083 1.22273 -5.31937 -21.16978 0.17646 9.24373 0.07787 -13.44685 -5.92121 -0.70922 10.27958 
0.26308 3.21187 -11.90578 -20.90496 3.50596 -13.28975 -3.26005 -12.64080 0.97507 -5.64871 -21.37484 -0.22396 8.23337 0.05930 -13.62799 -6.21146 -1.32097 11.89601 
0.26395 2.55511 -12.09827 -20.84387 4.35588 -13.47521 -3.24887 -12.71415 0.43089 -6.05818 -21.68984 -0.57044 7.28688 0.21876 -13.80732 -6.48243 -1.54576 12.63609 
0.26483 1.71577 -12.20889 -20.84145 5.07626 -13.62896 -3.29937 -12.81966 -0.17550 -6.57513 -22.05992 -0.78452 6.50975 0.52346 -13.99594 -6.72254 -1.46469 12.17979 
0.26570 0.83688 -12.31903 -20.93683 5.71456 -13.75378 -3.45129 -12.92917 -0.62352 -7.16351 -22.42312 -0.84904 5.97345 0.93709 -14.18547 -6.95294 -1.32446 10.53347 
0.26658 0.07704 -12.50994 -21.12874 6.29263 -13.83934 -3.71270 -12.97680 -0.83243 -7.74474 -22.73495 -0.82322 5.68667 1.40822 -14.35849 -7.20819 -1.37387 8.01608 
0.26745 -0.42481 -12.82630 -21.37980 6.80303 -13.88032 -4.06470 -12.90035 -0.89418 -8.23583 -22.97562 -0.81444 5.59321 1.85379 -14.50672 -7.50774 -1.71008 5.14424 
0.26832 -0.59067 -13.26196 -21.63708 7.21932 -13.89574 -4.46948 -12.69351 -0.99487 -8.58315 -23.14325 -0.92238 5.59656 2.15869 -14.64178 -7.83932 -2.23028 2.46357 
0.26920 -0.43214 -13.77004 -21.85526 7.51370 -13.93042 -4.87706 -12.43201 -1.28019 -8.77923 -23.24552 -1.18736 5.59781 2.20620 -14.78913 -8.16632 -2.71405 0.39337 
0.27007 -0.04858 -14.28672 -22.01009 7.67290 -14.03402 -5.23208 -12.24846 -1.75402 -8.86132 -23.29806 -1.57239 5.52791 1.93406 -14.96926 -8.45277 -2.97659 -0.86210 
0.27095 0.41101 -14.75492 -22.09819 7.70525 -14.23303 -5.48517 -12.26549 -2.27755 -8.89599 -23.32521 -1.98816 5.35900 1.38818 -15.18143 -8.68703 -2.98954 -1.31957 
0.27182 0.80978 -15.13913 -22.12743 7.63735 -14.51730 -5.61072 -12.52819 -2.66616 -8.95456 -23.35390 -2.34495 5.09243 0.73657 -15.40347 -8.88733 -2.89245 -1.15954 
0.27269 1.08128 -15.42970 -22.10550 7.50364 -14.85074 -5.62432 -12.98001 -2.81618 -9.08553 -23.39925 -2.59975 4.73417 0.22070 -15.60781 -9.08733 -2.89368 -0.64282 
0.27357 1.25566 -15.63928 -22.03267 7.33544 -15.19535 -5.58730 -13.49714 -2.77425 -9.29364 -23.45280 -2.77134 4.27639 0.05641 -15.78098 -9.31438 -3.13263 -0.03186 
0.27444 1.43821 -15.79364 -21.90086 7.15587 -15.52853 -5.58934 -13.95703 -2.70450 -9.53790 -23.48638 -2.91711 3.69887 0.33062 -15.93196 -9.57584 -3.59588 0.46775 
0.27532 1.74820 -15.91916 -21.69699 6.98223 -15.84106 -5.71269 -14.29678 -2.77837 -9.75381 -23.47209 -3.08955 2.99130 0.95103 -16.08459 -9.86027 -4.13790 0.74214 
0.27619 2.24689 -16.03079 -21.40657 6.83148 -16.12213 -5.99512 -14.52889 -3.06464 -9.89120 -23.40230 -3.30177 2.18173 1.68156 -16.26195 -10.14781 -4.58454 0.77901 
0.27706 2.89159 -16.12710 -21.01421 6.72058 -16.34866 -6.41223 -14.71406 -3.49196 -9.94586 -23.29076 -3.52371 1.34982 2.25023 -16.47522 -10.42017 -4.84558 0.64982 
0.27794 3.54152 -16.19724 -20.50088 6.65710 -16.49166 -6.88938 -14.91671 -3.90351 -9.96385 -23.15101 -3.70903 0.60988 2.47463 -16.72337 -10.66504 -4.96435 0.46572 
0.27881 4.01523 -16.23767 -19.84136 6.62447 -16.53572 -7.33641 -15.17261 -4.16158 -10.01419 -22.96974 -3.83234 0.06646 2.33969 -16.99961 -10.87743 -5.07973 0.32012 
0.27969 4.17197 -16.26747 -19.00652 6.57397 -16.49494 -7.68556 -15.48145 -4.23045 -10.14731 -22.69956 -3.91088 -0.23616 1.98952 -17.29634 -11.06200 -5.33424 0.24178 
0.28056 3.97585 -16.32912 -17.97238 6.43513 -16.41055 -7.91419 -15.81805 -4.18882 -10.36707 -22.28004 -3.99655 -0.34100 1.64216 -17.60443 -11.23665 -5.78949 0.18193 
0.28143 3.51015 -16.46980 -16.73281 6.14515 -16.33032 -8.04503 -16.14792 -4.17433 -10.63390 -21.67106 -4.14401 -0.36196 1.47672 -17.91016 -11.43183 -6.39661 0.04304 
0.28231 2.93593 -16.71362 -15.30898 5.68296 -16.28512 -8.13002 -16.43894 -4.30443 -10.89421 -20.87059 -4.37642 -0.42709 1.55235 -18.19596 -11.68169 -7.02917 -0.26538 
0.28318 2.41882 -17.04438 -13.75049 5.08684 -16.28012 -8.22972 -16.66923 -4.62380 -11.11299 -19.90186 -4.66995 -0.60935 1.79602 -18.44683 -12.00960 -7.55063 -0.77335 
0.28406 2.06306 -17.41329 -12.12732 4.44216 -16.30583 -8.39641 -16.83381 -5.10046 -11.28779 -18.78079 -4.96595 -0.88349 2.05596 -18.65781 -12.41705 -7.87701 -1.42657 
0.28493 1.88444 -17.76826 -10.51703 3.84359 -16.35754 -8.66255 -16.94838 -5.65821 -11.43885 -17.49105 -5.20226 -1.13683 2.18380 -18.83620 -12.88383 -8.00793 -2.10118 
0.28580 1.82913 -18.08544 -8.99261 3.35264 -16.44558 -9.03277 -17.04432 -6.21507 -11.58874 -15.98773 -5.34514 -1.23299 2.09989 -18.99640 -13.37932 -8.01970 -2.64632 
0.28668 1.81983 -18.38148 -7.61375 2.97434 -16.58731 -9.48014 -17.15315 -6.70761 -11.74879 -14.22691 -5.40521 -1.09660 1.81323 -19.15179 -13.87647 -8.02970 -2.93239 
0.28755 1.79896 -18.69924 -6.42137 2.66503 -16.78871 -9.95100 -17.28794 -7.09994 -11.91961 -12.19970 -5.43109 -0.77170 1.39749 -19.31005 -14.35890 -8.14796 -2.88702 
0.28843 1.74654 -19.07792 -5.43388 2.36412 -17.03273 -10.38079 -17.43551 -7.38582 -12.09860 -9.94862 -5.48612 -0.41737 0.94694 -19.47416 -14.81801 -8.43306 -2.51151 
0.28930 1.66927 -19.52822 -4.64466 2.02942 -17.28585 -10.71636 -17.56821 -7.58951 -12.28373 -7.55940 -5.62029 -0.23761 0.53949 -19.64608 -15.24596 -8.86920 -1.88048 
0.29017 1.57557 -20.02630 -4.02220 1.65593 -17.51813 -10.93445 -17.66932 -7.75996 -12.47087 -5.13826 -5.84946 -0.37976 0.22090 -19.82802 -15.63247 -9.37550 -1.12897 
0.29105 1.45697 -20.52613 -3.51361 1.27000 -17.71988 -11.04709 -17.75341 -7.95233 -12.65208 -2.78991 -6.14986 -0.85605 0.00745 -20.01981 -15.96908 -9.84580 -0.42743 
0.29192 1.28889 -20.97906 -3.05164 0.90626 -17.90156 -11.09264 -17.86426 -8.20202 -12.82260 -0.60542 -6.46896 -1.53321 -0.10377 -20.21499 -16.25626 -10.20044 0.05662 
0.29280 1.04894 -21.34938 -2.56331 0.58367 -18.07829 -11.12015 -18.04884 -8.50658 -12.99378 1.34050 -6.74861 -2.19812 -0.12542 -20.39992 -16.50558 -10.42194 0.20687 
0.29367 0.73932 -21.62140 -1.97857 0.29554 -18.25414 -11.17729 -18.32542 -8.83048 -13.19890 2.98880 -6.95087 -2.66504 -0.07376 -20.55668 -16.73350 -10.55437 0.00253 
0.29454 0.39695 -21.79953 -1.23906 0.01827 -18.42019 -11.30615 -18.66961 -9.13140 -13.48049 4.29750 -7.07537 -2.86525 0.03449 -20.66706 -16.95045 -10.66816 -0.46223 
0.29542 0.08315 -21.90367 -0.30807 -0.26799 -18.56648 -11.54283 -19.02933 -9.38922 -13.86251 5.24786 -7.15960 -2.86957 0.18086 -20.71418 -17.15395 -10.81480 -0.99970 
0.29629 -0.14257 -21.96092 0.81841 -0.56014 -18.69441 -11.91368 -19.35667 -9.61567 -14.32650 5.85373 -7.26163 -2.83289 0.33865 -20.68101 -17.33147 -11.00130 -1.39047 
0.29717 -0.25005 -21.99499 2.10196 -0.82686 -18.81667 -12.42581 -19.63219 -9.83802 -14.81161 6.16986 -7.43318 -2.89577 0.46608 -20.54910 -17.47125 -11.19834 -1.46351 
0.29804 -0.25179 -22.01779 3.45900 -1.02133 -18.94460 -13.05730 -19.86427 -10.07133 -15.24256 6.29243 -7.69696 -3.10310 0.50950 -20.30022 -17.57274 -11.37138 -1.16013 
0.29891 -0.19524 -22.02889 4.77080 -1.10585 -19.07647 -13.75566 -20.06765 -10.30263 -15.56810 6.34652 -8.03966 -3.38800 0.42436 -19.92057 -17.64895 -11.50941 -0.55201 
0.29979 -0.13986 -22.02400 5.90810 -1.07456 -19.19894 -14.44872 -20.24263 -10.50043 -15.78432 6.46052 -8.42286 -3.62784 0.20713 -19.40321 -17.71937 -11.63186 0.19505 
0.30066 -0.13255 -22.00617 6.76480 -0.96038 -19.30118 -15.06370 -20.37322 -10.64112 -15.92799 6.73409 -8.80371 -3.73356 -0.08370 -18.74558 -17.79958 -11.77382 0.89430 
0.30154 -0.19390 -21.98942 7.28901 -0.82022 -19.38781 -15.54503 -20.44520 -10.73046 -16.04736 7.21129 -9.15291 -3.71317 -0.34094 -17.94280 -17.89581 -11.96561 1.41276 
0.30241 -0.31870 -21.98997 7.49821 -0.70507 -19.47760 -15.86429 -20.46644 -10.80409 -16.17250 7.86827 -9.46064 -3.66781 -0.45931 -16.98273 -18.00804 -12.22238 1.71328 
0.30328 -0.48539 -22.01006 7.47072 -0.63171 -19.58835 -16.02208 -20.47122 -10.90833 -16.30446 8.61975 -9.73066 -3.72419 -0.39785 -15.84844 -18.13748 -12.54651 1.84770 
0.30416 -0.66599 -22.02711 7.31567 -0.57412 -19.72169 -16.04573 -20.50441 -11.07898 -16.42550 9.34130 -9.96977 -3.94883 -0.21241 -14.52886 -18.29086 -12.93301 1.91096 
0.30503 -0.83239 -21.99737 7.13370 -0.48193 -19.86120 -15.98533 -20.59820 -11.33258 -16.51773 9.90053 -10.18116 -4.30156 -0.03101 -13.03225 -18.47711 -13.36875 1.98513 
0.30591 -0.96069 -21.87276 6.98425 -0.31685 -19.98400 -15.90593 -20.75736 -11.67123 -16.57488 10.18922 -10.36510 -4.65931 0.01868 -11.39425 -18.69926 -13.82672 2.10419 
0.30678 -1.03662 -21.61903 6.87246 -0.08511 -20.07374 -15.87281 -20.95909 -12.08940 -16.60170 10.14968 -10.52457 -4.89447 -0.11370 -9.67600 -18.94928 -14.26581 2.25453 
0.30765 -1.06130 -21.22306 6.75935 0.15582 -20.12258 -15.93140 -21.16148 -12.57164 -16.60714 9.78992 -10.67049 -4.95669 -0.36891 -7.95369 -19.21061 -14.64361 2.40184 
0.30853 -1.05125 -20.68609 6.58846 0.32304 -20.12187 -16.09039 -21.31205 -13.08339 -16.59986 9.18436 -10.82270 -4.90596 -0.61092 -6.30611 -19.46650 -14.93701 2.51971 
0.30940 -1.02730 -20.01050 6.31633 0.35302 -20.05257 -16.31826 -21.35442 -13.56887 -16.58875 8.45900 -11.00680 -4.87727 -0.70324 -4.80557 -19.70678 -15.15508 2.59792 
0.31028 -0.99477 -19.19090 5.93384 0.23866 -19.88571 -16.55775 -21.23734 -13.96590 -16.58368 7.76318 -11.24842 -5.00132 -0.58054 -3.51385 -19.92783 -15.33231 2.62843 
0.31115 -0.92691 -18.21419 5.47124 0.03602 -19.59223 -16.75148 -20.92651 -14.23405 -16.59182 7.23363 -11.56661 -5.33110 -0.27460 -2.48004 -20.12715 -15.50503 2.58748 
0.31202 -0.76630 -17.06503 4.98791 -0.16334 -19.15174 -16.86527 -20.41208 -14.37769 -16.61124 6.95998 -11.96716 -5.81668 0.11393 -1.73617 -20.29944 -15.68793 2.43747 
0.31290 -0.44998 -15.73001 4.55334 -0.27723 -18.55177 -16.89720 -19.70182 -14.44522 -16.62959 6.96255 -12.43709 -6.33795 0.47279 -1.28961 -20.43935 -15.86769 2.15591 
0.31377 0.05163 -14.19900 4.22736 -0.26811 -17.77985 -16.87046 -18.80066 -14.50316 -16.63335 7.19041 -12.94342 -6.77030 0.72787 -1.11462 -20.54882 -16.01734 1.77316 
0.31465 0.70469 -12.46779 4.04485 -0.14992 -16.81887 -16.81779 -17.69111 -14.60167 -16.62363 7.54079 -13.43945 -7.04368 0.86229 -1.14793 -20.64172 -16.11863 1.38635 
0.31552 1.41202 -10.54716 4.00632 0.03289 -15.65327 -16.76847 -16.33296 -14.75399 -16.62641 7.89158 -13.87836 -7.16608 0.90634 -1.29245 -20.73967 -16.17553 1.12796 
0.31639 2.04829 -8.47672 4.07407 0.23644 -14.28182 -16.74420 -14.68669 -14.94054 -16.68594 8.13397 -14.22963 -7.20725 0.91463 -1.43013 -20.86057 -16.21070 1.09908 
0.31727 2.51351 -6.33440 4.17513 0.43729 -12.72524 -16.76220 -12.74454 -15.13124 -16.84219 8.19449 -14.48986 -7.25918 0.94533 -1.44207 -21.00775 -16.25127 1.30690 
0.31814 2.77501 -4.23214 4.21429 0.63107 -11.02102 -16.83889 -10.54440 -15.30657 -17.10591 8.04383 -14.68211 -7.39610 1.04524 -1.23145 -21.16673 -16.31651 1.64983 
0.31902 2.87319 -2.29653 4.09895 0.81619 -9.21041 -16.98919 -8.15477 -15.46408 -17.44914 7.69680 -14.84375 -7.64968 1.23707 -0.74426 -21.31066 -16.41478 1.96567 
0.31989 2.88752 -0.64352 3.77200 0.97894 -7.33038 -17.22116 -5.64319 -15.61017 -17.81872 7.20799 -15.00956 -8.00405 1.50919 0.01735 -21.40878 -16.54681 2.11654 
0.32076 2.88351 0.63990 3.24109 1.09270 -5.41952 -17.53032 -3.05559 -15.74904 -18.16424 6.66239 -15.19904 -8.40754 1.81474 0.99291 -21.43237 -16.70778 2.05812 
0.32164 2.87287 1.50039 2.58920 1.13221 -3.53255 -17.89767 -0.42419 -15.87927 -18.46152 6.15642 -15.41317 -8.79521 2.08756 2.07408 -21.35659 -16.88521 1.85015 
0.32251 2.81082 1.91320 1.95620 1.09183 -1.74923 -18.29263 2.20343 -15.99872 -18.71672 5.76819 -15.63988 -9.11422 2.27141 3.12601 -21.16070 -17.05781 1.60503 
0.32339 2.63115 1.87790 1.49367 0.99419 -0.16596 -18.67870 4.74081 -16.11028 -18.95125 5.52627 -15.86311 -9.34292 2.34624 4.01479 -20.82876 -17.20225 1.41282 
0.32426 2.29693 1.42239 1.30951 0.88255 1.12716 -19.01934 7.06761 -16.22127 -19.18102 5.39411 -16.07003 -9.49474 2.33301 4.63476 -20.34985 -17.30758 1.29440 
0.32513 1.83563 0.61401 1.42600 0.80139 2.06986 -19.28344 9.06254 -16.33751 -19.40585 5.28432 -16.25418 -9.60452 2.27269 4.92898 -19.71537 -17.38724 1.21026 
0.32601 1.33730 -0.43129 1.77044 0.77660 2.64223 -19.45108 10.64156 -16.45997 -19.61428 5.10155 -16.41535 -9.70486 2.19444 4.89882 -18.91421 -17.47640 1.10961 
0.32688 0.91646 -1.55219 2.20302 0.80670 2.86054 -19.51964 11.77654 -16.58904 -19.79584 4.79378 -16.55787 -9.80780 2.09705 4.60063 -17.92999 -17.61221 0.97670 
0.32776 0.65855 -2.56235 2.56993 0.86911 2.76823 -19.50710 12.48796 -16.73326 -19.94813 4.38337 -16.68795 -9.90478 1.95689 4.13110 -16.74492 -17.80853 0.83830 
0.32863 0.57967 -3.28444 2.75850 0.93744 2.43310 -19.44849 12.82583 -16.91214 -20.07301 3.95782 -16.81045 -9.98511 1.75411 3.60430 -15.34958 -18.04374 0.73135 
0.32950 0.62044 -3.58809 2.73174 0.99980 1.95175 -19.38350 12.85810 -17.14651 -20.16664 3.62281 -16.92607 -10.05914 1.49426 3.12558 -13.75237 -18.27212 0.66353 
0.33038 0.67686 -3.41999 2.53040 1.06819 1.45136 -19.33927 12.67213 -17.44053 -20.21341 3.44274 -17.03112 -10.16729 1.20803 2.76795 -11.98166 -18.45226 0.60341 
0.33125 0.65244 -2.81635 2.24541 1.17348 1.07730 -19.31626 12.37731 -17.76948 -20.18862 3.40259 -17.12134 -10.36590 0.93199 2.55716 -10.08006 -18.57253 0.50997 
0.33213 0.50535 -1.89315 1.97569 1.34829 0.96430 -19.28469 12.09261 -18.08559 -20.06627 3.41320 -17.19818 -10.69747 0.68919 2.46997 -8.09667 -18.65581 0.37600 
0.33300 0.26684 -0.81657 1.79042 1.60683 1.20136 -19.19265 11.91576 -18.34122 -19.82428 3.35726 -17.27352 -11.16482 0.48631 2.44660 -6.08488 -18.74070 0.24666 
0.33388 0.02128 0.23782 1.71015 1.93328 1.80591 -18.98050 11.88802 -18.51422 -19.44412 3.14977 -17.36801 -11.72560 0.32639 2.41398 -4.10739 -18.85435 0.19464 
0.33475 -0.14186 1.12502 1.71100 2.28636 2.71767 -18.59359 11.97540 -18.61775 -18.90840 2.77892 -17.50244 -12.30951 0.21979 2.31198 -2.24233 -18.99647 0.26935 
0.33562 -0.17863 1.75887 1.74577 2.61849 3.81270 -17.98890 12.07772 -18.68850 -18.20200 2.30618 -17.68632 -12.84583 0.17812 2.11389 -0.58163 -19.14415 0.45908 
0.33650 -0.11572 2.12226 1.76955 2.89862 4.93077 -17.13657 12.06121 -18.76285 -17.31729 1.82892 -17.91103 -13.28509 0.19390 1.83404 0.78192 -19.26971 0.69503 
0.33737 -0.03611 2.25981 1.75788 3.12506 5.90798 -16.02000 11.79980 -18.85921 -16.25752 1.43035 -18.15258 -13.60654 0.22621 1.52056 1.77403 -19.35489 0.89270 
0.33825 -0.03373 2.25797 1.71146 3.32022 6.60876 -14.63652 11.21137 -18.97731 -15.03291 1.14615 -18.38280 -13.81471 0.21105 1.23622 2.35538 -19.39003 0.99887 
0.33912 -0.16406 2.21946 1.64884 3.51136 6.95291 -12.99680 10.28184 -19.10938 -13.65127 0.96382 -18.58229 -13.93303 0.09504 1.03414 2.52860 -19.36152 1.01149 
0.33999 -0.41960 2.23823 1.59451 3.71043 6.93248 -11.12090 9.07442 -19.24930 -12.11188 0.84898 -18.74719 -13.99873 -0.13092 0.93653 2.33616 -19.24110 0.96519 
0.34087 -0.74257 2.37901 1.57004 3.90681 6.61356 -9.03174 7.72171 -19.38894 -10.41080 0.77736 -18.88650 -14.05632 -0.42431 0.92395 1.85456 -18.98815 0.90186 
0.34174 -1.06362 2.66421 1.59188 4.07711 6.12037 -6.75087 6.39931 -19.50524 -8.55644 0.75117 -19.01285 -14.14587 -0.71725 0.93951 1.18874 -18.56385 0.85248 
0.34262 -1.33997 3.06994 1.67344 4.20384 5.60513 -4.30116 5.28459 -19.55181 -6.58526 0.79183 -19.13341 -14.28794 -0.95751 0.90805 0.46569 -17.94531 0.83909 
0.34349 -1.56985 3.53276 1.82537 4.28851 5.21129 -1.71628 4.51230 -19.46666 -4.56661 0.91755 -19.24626 -14.47430 -1.13461 0.76444 -0.17721 -17.12788 0.88333 
0.34436 -1.77794 3.96703 2.04992 4.34926 5.03993 0.94823 4.14176 -19.19373 -2.59409 1.12283 -19.34278 -14.67292 -1.27454 0.48094 -0.61171 -16.11441 1.00268 
0.34524 -1.98634 4.28983 2.33057 4.40500 5.12735 3.60847 4.14592 -18.70360 -0.77051 1.37382 -19.41227 -14.84697 -1.41126 0.08214 -0.74290 -14.90106 1.19137 
0.34611 -2.19262 4.44658 2.62471 4.45858 5.43927 6.15269 4.42273 -17.99841 0.80451 1.62186 -19.44474 -14.97672 -1.55943 -0.35979 -0.52997 -13.47133 1.40404 
0.34699 -2.36856 4.42881 2.86836 4.49208 5.88354 8.44695 4.82173 -17.09765 2.04131 1.82677 -19.42997 -15.06998 -1.70790 -0.74864 0.00431 -11.80248 1.56422 
0.34786 -2.47708 4.27671 2.99632 4.47883 6.33925 10.34346 5.17814 -16.01624 2.86594 1.97633 -19.35513 -15.15496 -1.83473 -0.99758 0.77871 -9.87979 1.60064 
0.34873 -2.49399 4.06492 2.97157 4.40404 6.69420 11.69251 5.34898 -14.75109 3.23004 2.09114 -19.20336 -15.26199 -1.92774 -1.05859 1.67088 -7.70988 1.48814 
0.34961 -2.42057 3.87684 2.80899 4.27974 6.87846 12.36143 5.24666 -13.28487 3.12388 2.21186 -18.95504 -15.40753 -1.99382 -0.93659 2.54152 -5.32828 1.26135 
0.35048 -2.28193 3.77711 2.57843 4.14335 6.88107 12.26135 4.86207 -11.60304 2.58516 2.37403 -18.59025 -15.59032 -2.05216 -0.68411 3.26044 -2.80117 0.98827 
0.35136 -2.11549 3.79226 2.38097 4.03952 6.74336 11.37580 4.26650 -9.71198 1.69710 2.58175 -18.09091 -15.79896 -2.11997 -0.38080 3.73036 -0.22297 0.72285 
0.35223 -1.95777 3.90577 2.30702 3.99575 6.53207 9.78020 3.58608 -7.64781 0.57647 2.79334 -17.44156 -16.02225 -2.20209 -0.10787 3.90490 2.29064 0.47335 
0.35310 -1.83526 4.06812 2.39572 4.00530 6.30518 7.64279 2.95431 -5.47357 -0.64116 2.92828 -16.62973 -16.25434 -2.28947 0.07269 3.79669 4.61511 0.21080 
0.35398 -1.76037 4.21774 2.61670 4.02679 6.08601 5.20543 2.46134 -3.26978 -1.81247 2.89665 -15.64690 -16.49380 -2.36313 0.12837 3.47255 6.63284 -0.09143 
0.35485 -1.73044 4.30552 2.88435 4.00023 5.85646 2.75096 2.12327 -1.12583 -2.79503 2.64110 -14.49000 -16.74119 -2.39870 0.05645 3.03570 8.24692 -0.42127 
0.35573 -1.72866 4.31446 3.09776 3.87171 5.57112 0.56585 1.88577 0.86416 -3.46061 2.17274 -13.16277 -16.99892 -2.37021 -0.12180 2.59956 9.38721 -0.72586 
0.35660 -1.72694 4.26638 3.18577 3.61559 5.18441 -1.09635 1.65933 2.60218 -3.71818 1.58143 -11.67621 -17.27223 -2.25608 -0.36856 2.26028 10.00973 -0.94483 
0.35747 -1.69200 4.21172 3.13415 3.24495 4.67828 -2.05003 1.36803 3.98769 -3.54108 1.00992 -10.04895 -17.56657 -2.04860 -0.63652 2.07538 10.09599 -1.05077 
0.35835 -1.59413 4.20484 2.98232 2.80632 4.07906 -2.21003 0.98847 4.92452 -2.98429 0.59870 -8.30871 -17.88025 -1.76245 -0.87587 2.05314 9.65914 -1.06363 
0.35922 -1.41615 4.27463 2.79436 2.36077 3.45725 -1.61584 0.56294 5.33545 -2.17770 0.42529 -6.49528 -18.19760 -1.43530 -1.04226 2.15486 8.75589 -1.03006 
0.36010 -1.15899 4.40437 2.62292 1.95944 2.91056 -0.43778 0.18385 5.18301 -1.29321 0.46822 -4.66343 -18.49048 -1.11654 -1.10518 2.30885 7.49465 -0.98866 
0.36097 -0.84133 4.53210 2.48698 1.62400 2.53518 1.04363 -0.04182 4.49013 -0.49714 0.61726 -2.88309 -18.73090 -0.84928 -1.05461 2.43324 6.02911 -0.95263 
0.36184 -0.49366 4.57348 2.37374 1.34159 2.39367 2.48546 -0.03398 3.35140 0.09287 0.72791 -1.23505 -18.90779 -0.65583 -0.90314 2.46142 4.53544 -0.92265 
0.36272 -0.14965 4.45745 2.25896 1.07724 2.48895 3.54814 0.22642 1.92730 0.43178 0.69405 0.19735 -19.03522 -0.53502 -0.68187 2.36252 3.18186 -0.91313 
0.36359 0.16130 4.15758 2.12882 0.79792 2.75416 3.96428 0.68059 0.42088 0.54784 0.50022 1.33817 -19.14452 -0.47097 -0.43101 2.14983 2.10347 -0.96177 
0.36447 0.41747 3.70374 1.98728 0.49522 3.06513 3.59543 1.19889 -0.95618 0.52584 0.22456 2.12865 -19.26384 -0.44500 -0.18792 1.87402 1.38841 -1.10781 
0.36534 0.60400 3.16835 1.84510 0.19360 3.27572 2.46559 1.61339 -2.01666 0.48225 -0.00939 2.53586 -19.39887 -0.44179 0.02354 1.60405 1.07167 -1.35468 
0.36621 0.71002 2.63532 1.70069 -0.06144 3.26590 0.76430 1.77025 -2.62215 0.53854 -0.10435 2.56039 -19.52745 -0.44745 0.19887 1.40339 1.12946 -1.65041 
0.36709 0.72666 2.16787 1.52990 -0.22844 2.98431 -1.18440 1.58618 -2.69805 0.79597 -0.04259 2.24197 -19.60994 -0.44503 0.35142 1.31042 1.47357 -1.90761 
0.36796 0.64793 1.79157 1.29527 -0.29309 2.46618 -2.98540 1.08592 -2.24381 1.31394 0.11033 1.66050 -19.60621 -0.41489 0.50350 1.32911 1.95514 -2.05242 
0.36884 0.47427 1.49868 0.97080 -0.27507 1.81722 -4.25865 0.40030 -1.34087 2.09527 0.25202 0.92990 -19.48572 -0.34228 0.67265 1.43187 2.38898 -2.06759 
0.36971 0.21709 1.26813 0.56614 -0.21464 1.17040 -4.72897 -0.28085 -0.15353 3.08270 0.31010 0.18408 -19.22537 -0.22693 0.85887 1.57225 2.59925 -1.99815 
0.37058 -0.09827 1.08687 0.13237 -0.14864 0.63633 -4.29534 -0.78448 1.08736 4.16888 0.28670 -0.44227 -18.80031 -0.08670 1.03951 1.70268 2.47155 -1.91741 
0.37146 -0.43338 0.95968 -0.25717 -0.09255 0.27018 -3.05873 -1.02504 2.12519 5.21854 0.25257 -0.83367 -18.17907 0.04829 1.17606 1.79172 1.98782 -1.88053 
0.37233 -0.74234 0.90252 -0.54149 -0.04123 0.06796 -1.29906 -1.03528 2.73694 6.09771 0.29476 -0.91089 -17.32929 0.14712 1.23167 1.83521 1.22760 -1.89928 
0.37321 -0.98139 0.92558 -0.70196 0.01274 -0.01196 0.59254 -0.94105 2.79295 6.70309 0.45250 -0.64327 -16.23062 0.18780 1.19148 1.85743 0.33637 -1.95078 
0.37408 -1.11998 1.01766 -0.77023 0.05665 -0.01841 2.20763 -0.89243 2.29370 6.98442 0.68374 -0.05585 -14.88418 0.16032 1.07515 1.90087 -0.52160 -2.00561 
0.37495 -1.14910 1.14241 -0.80948 0.04858 0.01386 3.21579 -0.98729 1.36892 6.95394 0.88585 0.76985 -13.31079 0.06465 0.93375 2.00750 -1.20477 -2.04845 
0.37583 -1.08309 1.24951 -0.88024 -0.06970 0.06799 3.43803 -1.22659 0.24016 6.67954 0.95827 1.70472 -11.53955 -0.09097 0.83075 2.19833 -1.61801 -2.07677 
0.37670 -0.95330 1.29497 -1.00984 -0.34392 0.13507 2.88121 -1.52343 -0.83731 6.26265 0.86689 2.59273 -9.59654 -0.28880 0.81586 2.45980 -1.71950 -2.08535 
0.37758 -0.79627 1.26017 -1.18049 -0.77951 0.20270 1.72619 -1.75750 -1.63301 5.80734 0.66743 3.28255 -7.50330 -0.50014 0.90459 2.74392 -1.51910 -2.05596 
0.37845 -0.64156 1.15955 -1.33970 -1.33167 0.25219 0.27350 -1.84266 -1.98558 5.39155 0.47111 3.66274 -5.28714 -0.68862 1.07355 2.98356 -1.07434 -1.96409 
0.37932 -0.50529 1.03303 -1.42433 -1.91926 0.26662 -1.13858 -1.76990 -1.82784 5.05082 0.37396 3.69013 -2.99556 -0.82012 1.27348 3.11679 -0.48310 -1.79614 
0.38020 -0.39158 0.92620 -1.38517 -2.45498 0.24269 -2.22073 -1.60444 -1.19407 4.78027 0.39530 3.40130 -0.70466 -0.87465 1.45231 3.10963 0.13208 -1.56089 
0.38107 -0.29999 0.86794 -1.20196 -2.87573 0.19596 -2.79998 -1.44271 -0.21139 4.55184 0.46570 2.90351 1.48418 -0.85279 1.57621 2.96655 0.64960 -1.28508 
0.38195 -0.23356 0.85619 -0.88653 -3.15921 0.15378 -2.84979 -1.35740 0.92512 4.33786 0.47241 2.34819 3.45663 -0.77284 1.63856 2.72448 0.97889 -0.99880 
0.38282 -0.20233 0.85965 -0.47719 -3.32126 0.13854 -2.47664 -1.36295 1.99352 4.12990 0.33288 1.89564 5.09983 -0.66167 1.65405 2.43494 1.08298 -0.72510 
0.38369 -0.21979 0.83503 -0.02909 -3.39909 0.15134 -1.87068 -1.41937 2.79734 3.94526 0.04920 1.67997 6.31376 -0.54615 1.64374 2.14474 0.98330 -0.48283 
0.38457 -0.29449 0.75169 0.39707 -3.43041 0.16655 -1.23771 -1.46811 3.21621 3.81946 -0.29010 1.78161 7.02008 -0.44935 1.62068 1.88492 0.74305 -0.29681 
0.38544 -0.42167 0.61064 0.74712 -3.43845 0.14160 -0.73424 -1.47567 3.23769 3.78853 -0.56023 2.21126 7.17187 -0.39016 1.58447 1.67135 0.43617 -0.20110 
0.38632 -0.58041 0.44718 0.98514 -3.42752 0.03791 -0.42558 -1.45724 2.95639 3.86851 -0.66916 2.90767 6.76584 -0.38207 1.52641 1.51218 0.11552 -0.22675 
0.38719 -0.73931 0.31444 1.10138 -3.38907 -0.15743 -0.27904 -1.46628 2.53850 4.04066 -0.60378 3.74989 5.85388 -0.42937 1.44057 1.41392 -0.20493 -0.38038 
0.38806 -0.86897 0.25602 1.11238 -3.31371 -0.41951 -0.19370 -1.55651 2.16330 4.24918 -0.42934 4.58276 4.54756 -0.52434 1.33265 1.38062 -0.54543 -0.63053 
0.38894 -0.95512 0.28290 1.05177 -3.20323 -0.68875 -0.05543 -1.73932 1.96380 4.41421 -0.24897 5.25141 3.01134 -0.64974 1.22024 1.40710 -0.93523 -0.91418 
0.38981 -1.00477 0.36830 0.95511 -3.07620 -0.88893 0.20377 -1.96269 1.98853 4.45706 -0.15216 5.63689 1.44424 -0.78658 1.12415 1.47290 -1.37933 -1.16126 
0.39069 -1.04106 0.46491 0.84569 -2.96343 -0.95366 0.56634 -2.12700 2.19744 4.32876 -0.18131 5.68339 0.05405 -0.92161 1.05586 1.54367 -1.83470 -1.32169 
0.39156 -1.08885 0.53558 0.72826 -2.89380 -0.85232 0.92709 -2.13269 2.49025 4.02990 -0.32863 5.40900 -0.97200 -1.04803 1.00926 1.58220 -2.21034 -1.37900 
0.39243 -1.15955 0.57958 0.59326 -2.87673 -0.60535 1.13145 -1.93679 2.75286 3.61242 -0.55490 4.89639 -1.49619 -1.15968 0.96224 1.56425 -2.39436 -1.34602 
0.39331 -1.24419 0.63764 0.42825 -2.89137 -0.28147 1.03974 -1.58744 2.90191 3.16132 -0.81257 4.26619 -1.45577 -1.24525 0.88799 1.49055 -2.29804 -1.25116 
0.39418 -1.31908 0.77025 0.22977 -2.89068 0.02463 0.59139 -1.21434 2.91131 2.76367 -1.06108 3.64142 -0.87927 -1.29025 0.76998 1.38727 -1.89774 -1.12713 
0.39506 -1.35981 1.01956 0.00902 -2.82126 0.22714 -0.15798 -0.97465 2.81345 2.47887 -1.27316 3.11442 0.11229 -1.28705 0.61187 1.29358 -1.25614 -1.00754 
0.39593 -1.35483 1.37652 -0.21128 -2.64997 0.28239 -1.04298 -0.97770 2.67830 2.32351 -1.43784 2.72676 1.32317 -1.24469 0.43671 1.24151 -0.51260 -0.92685 
0.39680 -1.31061 1.77385 -0.40660 -2.38256 0.20440 -1.83681 -1.22655 2.58026 2.27658 -1.56319 2.46811 2.51703 -1.18848 0.27574 1.23845 0.15467 -0.91662 
0.39768 -1.24668 2.11212 -0.56149 -2.06280 0.05417 -2.32335 -1.60873 2.56523 2.29991 -1.67512 2.29309 3.45988 -1.14730 0.15344 1.26123 0.58185 -0.99594 
0.39855 -1.18523 2.30710 -0.67605 -1.75112 -0.09350 -2.36581 -1.94525 2.62914 2.36082 -1.80709 2.14830 3.96247 -1.13692 0.07726 1.26535 0.67053 -1.16181 
0.39943 -1.14165 2.33278 -0.76498 -1.49468 -0.18876 -1.94763 -2.07639 2.71549 2.44382 -1.98158 1.99818 3.91548 -1.15184 0.03739 1.20554 0.41993 -1.38746 
0.40030 -1.12027 2.23499 -0.84954 -1.30599 -0.23039 -1.17299 -1.94132 2.73408 2.54640 -2.19354 1.83922 3.31352 -1.17182 0.01577 1.05821 -0.07061 -1.63087 
0.40117 -1.11530 2.10610 -0.94693 -1.16206 -0.26112 -0.23009 -1.60943 2.59605 2.66438 -2.40867 1.69731 2.26397 -1.17755 -0.00192 0.83542 -0.63167 -1.84858 
0.40205 -1.11512 2.03331 -1.06206 -1.02349 -0.33707 0.66763 -1.24497 2.25317 2.77910 -2.58080 1.61045 0.97461 -1.16343 -0.01833 0.58377 -1.07829 -2.00650 
0.40292 -1.10779 2.04919 -1.18606 -0.86064 -0.48893 1.34136 -1.02192 1.72509 2.85681 -2.67862 1.60490 -0.28446 -1.13858 -0.02458 0.36807 -1.27183 -2.08392 
0.40380 -1.08648 2.11311 -1.30191 -0.67101 -0.69782 1.69012 -1.03362 1.10063 2.86185 -2.70351 1.67537 -1.24162 -1.11715 -0.00691 0.24626 -1.16611 -2.07261 
0.40467 -1.05312 2.13513 -1.39374 -0.47879 -0.90083 1.70664 -1.24596 0.50931 2.77519 -2.68527 1.77811 -1.69228 -1.10671 0.04452 0.24587 -0.81849 -1.97610 
0.40554 -1.01798 2.02942 -1.45434 -0.31909 -1.02418 1.46517 -1.52015 0.07305 2.60611 -2.65835 1.84030 -1.55277 -1.10381 0.12955 0.35264 -0.35947 -1.81089 
0.40642 -0.99419 1.76682 -1.48658 -0.21839 -1.02510 1.08834 -1.69287 -0.14070 2.38876 -2.63603 1.78323 -0.87994 -1.09833 0.23673 0.51690 0.06691 -1.60652 
0.40729 -0.98951 1.39581 -1.49850 -0.18220 -0.91803 0.70525 -1.66921 -0.14184 2.16478 -2.60135 1.55094 0.14960 -1.08169 0.34629 0.67578 0.36513 -1.40039 
0.40817 -1.00014 1.01961 -1.49586 -0.19528 -0.76909 0.41401 -1.47544 -0.00520 1.96158 -2.52153 1.13394 1.29091 -1.05225 0.43561 0.78147 0.52292 -1.22720 
0.40904 -1.01153 0.74237 -1.47751 -0.23122 -0.66153 0.25905 -1.24108 0.17089 1.77862 -2.37504 0.57816 2.29335 -1.01493 0.48565 0.82163 0.60260 -1.10827 
0.40991 -1.00650 0.61585 -1.43707 -0.26441 -0.65218 0.22785 -1.12033 0.31256 1.58924 -2.17150 -0.02515 2.95655 -0.97720 0.48706 0.82169 0.69496 -1.04739 
0.41079 -0.97591 0.61691 -1.36972 -0.27843 -0.74444 0.26518 -1.19870 0.39936 1.35726 -1.95079 -0.56632 3.16903 -0.94506 0.44418 0.82732 0.86238 -1.03542 
0.41166 -0.92458 0.66759 -1.27959 -0.26853 -0.89348 0.29788 -1.44028 0.45970 1.05955 -1.76317 -0.95116 2.92574 -0.92132 0.37476 0.87673 1.10279 -1.05933 
0.41254 -0.86840 0.68417 -1.18232 -0.23933 -1.03888 0.26168 -1.70756 0.53835 0.70262 -1.64486 -1.12935 2.32361 -0.90553 0.30392 0.97823 1.35359 -1.10908 
0.41341 -0.82460 0.62518 -1.10030 -0.19969 -1.14312 0.12255 -1.84225 0.65812 0.32431 -1.60490 -1.10637 1.53481 -0.89442 0.25381 1.10586 1.53059 -1.17828 
0.41428 -0.80152 0.51016 -1.05251 -0.15724 -1.21055 -0.11198 -1.75827 0.80060 -0.02121 -1.62898 -0.93535 0.76063 -0.88256 0.23375 1.21550 1.57662 -1.26051 
0.41516 -0.79457 0.40029 -1.04435 -0.11421 -1.27461 -0.39349 -1.48998 0.91733 -0.28832 -1.69397 -0.69373 0.17606 -0.86375 0.23674 1.27174 1.49028 -1.34594 
0.41603 -0.79005 0.35469 -1.06321 -0.06698 -1.36266 -0.64552 -1.16567 0.96245 -0.46307 -1.78145 -0.45585 -0.11831 -0.83349 0.24526 1.26897 1.31940 -1.42136 
0.41691 -0.77366 0.39019 -1.08295 -0.00988 -1.46359 -0.78630 -0.92283 0.92353 -0.57241 -1.88298 -0.27301 -0.11943 -0.79119 0.24379 1.23366 1.12688 -1.47265 
0.41778 -0.73793 0.46840 -1.07594 0.05808 -1.52279 -0.75635 -0.81854 0.82889 -0.67370 -1.99726 -0.16723 0.08895 -0.74064 0.23036 1.20611 0.95336 -1.48728 
0.41865 -0.68463 0.51630 -1.02723 0.12793 -1.47149 -0.54294 -0.79225 0.72616 -0.82753 -2.12472 -0.13731 0.37623 -0.68821 0.21946 1.21298 0.80128 -1.45566 
0.41953 -0.62200 0.46691 -0.94383 0.18115 -1.27406 -0.19157 -0.70598 0.64700 -1.06595 -2.26368 -0.17002 0.61755 -0.64015 0.23379 1.24807 0.64893 -1.37284 
0.42040 -0.55963 0.29587 -0.85396 0.19726 -0.96299 0.20249 -0.43780 0.58262 -1.37165 -2.40818 -0.24877 0.73819 -0.60071 0.28948 1.27441 0.48251 -1.24193 
0.42128 -0.50439 0.03436 -0.79566 0.16500 -0.63683 0.52314 0.02991 0.48823 -1.68032 -2.54608 -0.35594 0.73407 -0.57190 0.38407 1.24756 0.32226 -1.07766 
0.42215 -0.45903 -0.24717 -0.79984 0.09041 -0.41842 0.67437 0.58395 0.31502 -1.90740 -2.65755 -0.47126 0.66277 -0.55404 0.49496 1.14625 0.22299 -0.90599 
0.42302 -0.42310 -0.47382 -0.87566 -0.00365 -0.39557 0.61747 1.03412 0.05024 -1.98780 -2.71722 -0.57130 0.61078 -0.54573 0.58940 0.99094 0.24618 -0.75678 
0.42390 -0.39472 -0.60082 -1.00576 -0.08700 -0.57790 0.38832 1.21619 -0.26083 -1.90861 -2.70232 -0.63431 0.65027 -0.54302 0.63999 0.83719 0.41933 -0.65209 
0.42477 -0.37187 -0.63115 -1.15347 -0.13502 -0.89415 0.08550 1.08239 -0.52635 -1.71660 -2.60439 -0.64938 0.80197 -0.53917 0.63680 0.74636 0.70713 -0.59685 
0.42565 -0.35266 -0.60922 -1.27837 -0.13761 -1.23036 -0.16734 0.72600 -0.64914 -1.49501 -2.43746 -0.62447 1.01879 -0.52643 0.59000 0.75062 1.01356 -0.57810 
0.42652 -0.33532 -0.59534 -1.35215 -0.09896 -1.48580 -0.26936 0.32726 -0.57601 -1.32112 -2.23561 -0.58648 1.19763 -0.49988 0.52268 0.83376 1.21744 -0.57327 
0.42739 -0.31824 -0.63396 -1.36772 -0.02974 -1.61540 -0.18004 0.05459 -0.32923 -1.22784 -2.03928 -0.57068 1.21663 -0.46099 0.45893 0.94048 1.22576 -0.56142 
0.42827 -0.30071 -0.73055 -1.33845 0.06253 -1.63789 0.06940 -0.02045 -0.00326 -1.19148 -1.87761 -0.60283 0.98446 -0.41813 0.41307 1.00903 1.01919 -0.53033 
0.42914 -0.28360 -0.84804 -1.29002 0.17823 -1.61068 0.39428 0.05198 0.27255 -1.15292 -1.75727 -0.68316 0.48230 -0.38262 0.38450 1.00747 0.66657 -0.47680 
0.43002 -0.26928 -0.92486 -1.25043 0.32266 -1.59055 0.69387 0.14366 0.38803 -1.05955 -1.66371 -0.78141 -0.21905 -0.36236 0.35898 0.95089 0.29922 -0.40326 
0.43089 -0.26020 -0.90689 -1.24253 0.49779 -1.60331 0.88988 0.12940 0.29863 -0.90255 -1.57225 -0.84754 -0.97521 -0.35682 0.31532 0.88858 0.05470 -0.31588 
0.43177 -0.25675 -0.77838 -1.28046 0.69451 -1.63635 0.94967 -0.04308 0.04372 -0.72648 -1.46056 -0.83443 -1.61278 -0.35703 0.23518 0.86929 0.01469 -0.22545 
0.43264 -0.25588 -0.57606 -1.36866 0.89027 -1.65236 0.88706 -0.33076 -0.27141 -0.60461 -1.31526 -0.72220 -1.98614 -0.35073 0.11273 0.90622 0.16599 -0.14785 
0.43351 -0.25192 -0.37773 -1.50127 1.05364 -1.61244 0.74529 -0.62623 -0.52229 -0.59478 -1.13206 -0.53204 -2.02548 -0.32949 -0.03997 0.96427 0.40489 -0.09966 
0.43439 -0.23957 -0.26941 -1.66197 1.15326 -1.49564 0.57396 -0.81858 -0.62088 -0.70229 -0.91419 -0.32142 -1.75831 -0.29312 -0.19553 0.97758 0.58566 -0.08949 
0.43526 -0.21739 -0.30670 -1.82560 1.16724 -1.30782 0.41156 -0.84902 -0.55508 -0.87296 -0.67343 -0.16173 -1.29624 -0.24870 -0.32210 0.88668 0.59206 -0.11053 
0.43614 -0.18900 -0.49044 -1.96332 1.08930 -1.07963 0.27954 -0.73449 -0.39302 -1.02104 -0.43291 -0.10753 -0.79212 -0.20513 -0.39816 0.67237 0.39710 -0.14136 
0.43701 -0.16094 -0.76934 -2.05059 0.93050 -0.85680 0.18600 -0.55284 -0.24856 -1.07568 -0.22584 -0.17144 -0.38444 -0.16759 -0.42271 0.36600 0.07927 -0.15598 
0.43788 -0.13808 -1.06820 -2.07491 0.71646 -0.68630 0.13262 -0.40188 -0.22311 -1.01854 -0.08628 -0.31664 -0.15096 -0.13539 -0.41436 0.03095 -0.21627 -0.13705 
0.43876 -0.11981 -1.32593 -2.03939 0.48114 -0.60161 0.11876 -0.35441 -0.35333 -0.89019 -0.03434 -0.47112 -0.09049 -0.10433 -0.39876 -0.27217 -0.35408 -0.08345 
0.43963 -0.09995 -1.52275 -1.95972 0.25836 -0.61170 0.14090 -0.42889 -0.59286 -0.76225 -0.06468 -0.55809 -0.13905 -0.07104 -0.39239 -0.51506 -0.28239 -0.00720 
0.44051 -0.07081 -1.68299 -1.85613 0.07295 -0.69841 0.19014 -0.58637 -0.83980 -0.69304 -0.14708 -0.52892 -0.21090 -0.03539 -0.39369 -0.70940 -0.06341 0.07657 
0.44138 -0.02909 -1.85422 -1.74408 -0.06583 -0.82499 0.25226 -0.75274 -0.99577 -0.69432 -0.23989 -0.38342 -0.24305 0.00025 -0.38799 -0.89068 0.15935 0.15845 
0.44225 0.02056 -2.07606 -1.62846 -0.16566 -0.95274 0.31248 -0.85524 -1.02252 -0.72978 -0.30853 -0.16801 -0.22113 0.03376 -0.36282 -1.09065 0.24025 0.23602 
0.44313 0.06687 -2.35643 -1.50372 -0.24626 -1.05744 0.36265 -0.85708 -0.96197 -0.74532 -0.33778 0.04741 -0.17548 0.06496 -0.32203 -1.31603 0.11329 0.30819 
0.44400 0.09810 -2.66638 -1.35923 -0.33008 -1.13620 0.40565 -0.77463 -0.90637 -0.71125 -0.33118 0.20241 -0.15337 0.09467 -0.28759 -1.54496 -0.17093 0.36930 
0.44488 0.10924 -2.95353 -1.18724 -0.43297 -1.20137 0.45237 -0.66914 -0.93628 -0.64860 -0.30078 0.27224 -0.18637 0.12243 -0.28665 -1.74046 -0.47499 0.40915 
0.44575 0.10593 -3.16500 -0.98942 -0.55987 -1.26648 0.51120 -0.61697 -1.06519 -0.62163 -0.25594 0.27440 -0.27289 0.14551 -0.33259 -1.87060 -0.65372 0.41981 
0.44662 0.10202 -3.26756 -0.77947 -0.70730 -1.33433 0.57536 -0.67265 -1.22715 -0.70053 -0.19886 0.25293 -0.38443 0.16083 -0.41337 -1.92317 -0.63559 0.40367 
0.44750 0.11186 -3.25674 -0.58059 -0.87008 -1.39523 0.61617 -0.84337 -1.31678 -0.91696 -0.12787 0.25003 -0.48846 0.16818 -0.49602 -1.90831 -0.45766 0.37580 
0.44837 0.14181 -3.15308 -0.41856 -1.04662 -1.43509 0.58824 -1.08699 -1.25725 -1.24015 -0.04329 0.28142 -0.56999 0.17197 -0.54433 -1.85060 -0.23431 0.35765 
0.44925 0.18613 -2.98954 -0.31304 -1.23803 -1.44590 0.44632 -1.33328 -1.05260 -1.58847 0.04995 0.32946 -0.63633 0.17924 -0.53812 -1.77690 -0.08095 0.36565 
0.45012 0.23052 -2.79672 -0.27039 -1.44109 -1.42996 0.16677 -1.51587 -0.78924 -1.86958 0.14461 0.35724 -0.70215 0.19501 -0.48197 -1.70655 -0.04211 0.40178 
0.45099 0.26119 -2.59281 -0.28127 -1.64018 -1.39556 -0.23664 -1.59842 -0.58389 -2.02521 0.23526 0.33439 -0.76693 0.21856 -0.39916 -1.64701 -0.07007 0.45205 
0.45187 0.27391 -2.38216 -0.32436 -1.80550 -1.34901 -0.71088 -1.58337 -0.51055 -2.05506 0.32025 0.25829 -0.80263 0.24365 -0.31696 -1.59508 -0.06722 0.49402 
0.45274 0.27693 -2.16259 -0.37476 -1.90135 -1.29058 -1.17784 -1.50285 -0.55356 -2.00827 0.40034 0.15752 -0.76366 0.26295 -0.25385 -1.54189 0.03628 0.50887 
0.45362 0.28549 -1.93683 -0.41298 -1.90144 -1.21784 -1.55891 -1.39950 -0.61865 -1.95042 0.47591 0.07547 -0.61564 0.27341 -0.21586 -1.47968 0.22189 0.49146 
0.45449 0.31132 -1.72059 -0.43027 -1.80272 -1.13260 -1.80006 -1.30816 -0.59637 -1.92738 0.54552 0.04467 -0.36560 0.27878 -0.20163 -1.40810 0.38125 0.45289 
0.45536 0.35435 -1.54075 -0.42815 -1.62884 -1.04437 -1.88731 -1.24553 -0.43809 -1.94613 0.60665 0.06814 -0.07324 0.28722 -0.20970 -1.33727 0.37791 0.41449 
0.45624 0.40219 -1.42290 -0.41380 -1.42009 -0.96676 -1.84729 -1.20962 -0.19528 -1.97975 0.65678 0.11962 0.16742 0.30578 -0.24190 -1.28564 0.13475 0.39655 
0.45711 0.43805 -1.37451 -0.39517 -1.21531 -0.90955 -1.73353 -1.18674 0.00490 -1.98906 0.69331 0.16235 0.26939 0.33564 -0.30131 -1.27262 -0.30894 0.40781 
0.45799 0.45174 -1.37446 -0.37909 -1.03628 -0.87346 -1.60508 -1.16232 0.03399 -1.94555 0.71267 0.17418 0.19631 0.37156 -0.38803 -1.30923 -0.80879 0.44167 
0.45886 0.44636 -1.37728 -0.37266 -0.88362 -0.85168 -1.50589 -1.13074 -0.15875 -1.84326 0.71044 0.16231 -0.01515 0.40557 -0.49697 -1.39189 -1.19069 0.48067 
0.45973 0.43637 -1.33206 -0.38494 -0.74595 -0.83616 -1.45273 -1.09988 -0.51217 -1.69683 0.68371 0.15762 -0.26733 0.43235 -0.61899 -1.50301 -1.34560 0.50677 
0.46061 0.43838 -1.20649 -0.42541 -0.61545 -0.82207 -1.43521 -1.08649 -0.88495 -1.53100 0.63413 0.19164 -0.44342 0.45221 -0.74366 -1.61830 -1.28647 0.51096 
0.46148 0.46103 -1.00286 -0.49856 -0.49912 -0.80603 -1.42674 -1.10339 -1.13383 -1.36946 0.56896 0.27042 -0.45956 0.46994 -0.86088 -1.71625 -1.13394 0.49670 
0.46236 0.50036 -0.75697 -0.59759 -0.41818 -0.78043 -1.40049 -1.14473 -1.19031 -1.22754 0.49828 0.36262 -0.30243 0.49056 -0.96073 -1.78440 -1.04110 0.47556 
0.46323 0.54333 -0.52094 -0.70254 -0.39585 -0.73083 -1.34310 -1.17965 -1.09049 -1.10948 0.42996 0.41041 -0.03442 0.51543 -1.03334 -1.81949 -1.10402 0.45876 
0.46410 0.57644 -0.34021 -0.78586 -0.44136 -0.64158 -1.25982 -1.16139 -0.94313 -1.00883 0.36616 0.35829 0.23581 0.54155 -1.07046 -1.82349 -1.31148 0.45052 
0.46498 0.59363 -0.23714 -0.82375 -0.53998 -0.50726 -1.16944 -1.04970 -0.85921 -0.91214 0.30419 0.18348 0.40338 0.56434 -1.06869 -1.79987 -1.56031 0.44772 
0.46585 0.59869 -0.20838 -0.80716 -0.65529 -0.34110 -1.09262 -0.83435 -0.88827 -0.80599 0.24088 -0.08952 0.41445 0.58146 -1.03185 -1.75332 -1.72217 0.44493 
0.46673 0.60142 -0.23457 -0.74616 -0.74274 -0.17258 -1.04047 -0.54434 -0.99862 -0.68629 0.17708 -0.39871 0.28812 0.59465 -0.97023 -1.69224 -1.71824 0.44033 
0.46760 0.61088 -0.29422 -0.66455 -0.76724 -0.03400 -1.00999 -0.23559 -1.10838 -0.56524 0.11856 -0.67302 0.10309 0.60826 -0.89656 -1.63031 -1.55788 0.43739 
0.46847 0.63018 -0.37360 -0.58801 -0.71625 0.05486 -0.98844 0.03633 -1.14236 -0.47043 0.07277 -0.86367 -0.04416 0.62578 -0.82136 -1.58388 -1.32379 0.44119 
0.46935 0.65567 -0.46824 -0.53226 -0.60226 0.09326 -0.96353 0.24138 -1.07664 -0.43407 0.04414 -0.96189 -0.08839 0.64713 -0.75049 -1.56570 -1.11955 0.45261 
0.47022 0.67995 -0.57786 -0.49747 -0.45453 0.09318 -0.93280 0.38238 -0.94544 -0.47654 0.03140 -0.99511 -0.02643 0.66878 -0.68606 -1.57899 -1.01505 0.46576 
0.47110 0.69639 -0.69905 -0.47124 -0.30471 0.06596 -0.90646 0.48136 -0.81195 -0.59378 0.02826 -1.00638 0.08604 0.68636 -0.62927 -1.61606 -1.02037 0.47131 
0.47197 0.70212 -0.82045 -0.43725 -0.17358 0.01305 -0.90238 0.55627 -0.72730 -0.75646 0.02632 -1.02997 0.16984 0.69766 -0.58233 -1.66227 -1.09637 0.46363 
0.47284 0.69865 -0.92278 -0.38435 -0.06546 -0.07213 -0.93662 0.60552 -0.70517 -0.92243 0.01781 -1.07673 0.16979 0.70393 -0.54839 -1.70224 -1.18722 0.44622 
0.47372 0.69053 -0.98375 -0.31148 0.02764 -0.19355 -1.01497 0.61114 -0.72467 -1.05536 -0.00307 -1.13492 0.08728 0.70851 -0.53005 -1.72383 -1.25115 0.43079 
0.47459 0.68314 -0.98608 -0.22689 0.11490 -0.34252 -1.12971 0.55692 -0.75296 -1.13896 -0.03949 -1.18320 -0.02085 0.71431 -0.52798 -1.71803 -1.27373 0.42998 
0.47547 0.68069 -0.92550 -0.14293 0.19537 -0.49632 -1.26185 0.44721 -0.76804 -1.17936 -0.09101 -1.20607 -0.07679 0.72173 -0.54081 -1.67699 -1.26305 0.44873 
0.47634 0.68475 -0.81475 -0.06993 0.25410 -0.62634 -1.38666 0.31235 -0.76660 -1.19601 -0.15227 -1.20284 -0.02881 0.72854 -0.56548 -1.59379 -1.23713 0.48060 
0.47721 0.69373 -0.68086 -0.01176 0.26880 -0.70917 -1.47957 0.19675 -0.75650 -1.20813 -0.21281 -1.18654 0.11736 0.73155 -0.59722 -1.46576 -1.21414 0.51183 
0.47809 0.70356 -0.55543 0.03530 0.22414 -0.73271 -1.52113 0.13772 -0.74493 -1.22478 -0.25948 -1.17538 0.30214 0.72897 -0.62896 -1.29899 -1.20819 0.53050 
0.47896 0.70954 -0.46172 0.08024 0.12514 -0.69532 -1.50113 0.14873 -0.73388 -1.24277 -0.28108 -1.18282 0.44851 0.72171 -0.65159 -1.10961 -1.22751 0.53422 
0.47984 0.70875 -0.40509 0.13315 0.00067 -0.60155 -1.42180 0.21604 -0.72515 -1.25112 -0.27285 -1.21146 0.50842 0.71309 -0.65612 -0.91954 -1.27097 0.53101 
0.48071 0.70177 -0.37214 0.20091 -0.10650 -0.46034 -1.29888 0.30858 -0.72693 -1.23798 -0.23822 -1.25267 0.48989 0.70689 -0.63766 -0.74866 -1.32457 0.53298 
0.48158 0.69264 -0.33940 0.28497 -0.15837 -0.28709 -1.15839 0.39359 -0.75261 -1.19622 -0.18678 -1.29089 0.44729 0.70511 -0.59860 -0.60859 -1.36283 0.54763 
0.48246 0.68690 -0.28681 0.38198 -0.13880 -0.10574 -1.02866 0.44897 -0.81009 -1.12642 -0.13008 -1.31008 0.44084 0.70673 -0.54868 -0.50192 -1.35843 0.57310 
0.48333 0.68893 -0.20828 0.48699 -0.05885 0.05389 -0.92986 0.46770 -0.88974 -1.03695 -0.07785 -1.29981 0.49139 0.70844 -0.50102 -0.42672 -1.29672 0.60067 
0.48421 0.69979 -0.11375 0.59682 0.05234 0.16477 -0.86591 0.45476 -0.96251 -0.94104 -0.03652 -1.25930 0.56046 0.70698 -0.46624 -0.38163 -1.18614 0.62183 
0.48508 0.71677 -0.02212 0.71132 0.16496 0.21237 -0.82299 0.42021 -0.99255 -0.85084 -0.00978 -1.19831 0.56985 0.70150 -0.44808 -0.36702 -1.05665 0.63459 
0.48595 0.73469 0.04983 0.83127 0.26326 0.19913 -0.77558 0.37228 -0.95733 -0.77024 0.00031 -1.13408 0.45026 0.69440 -0.44321 -0.38122 -0.94560 0.64391 
0.48683 0.74808 0.09636 0.95403 0.34875 0.14093 -0.69698 0.31358 -0.86192 -0.69059 -0.00673 -1.08504 0.18913 0.68993 -0.44467 -0.41568 -0.87937 0.65651 
0.48770 0.75348 0.12491 1.07019 0.43138 0.05872 -0.56862 0.24184 -0.73727 -0.59379 -0.02881 -1.06340 -0.15256 0.69147 -0.44643 -0.45402 -0.86182 0.67432 
0.48858 0.75080 0.15174 1.16405 0.51596 -0.02817 -0.38460 0.15469 -0.62374 -0.46329 -0.06022 -1.06996 -0.46643 0.69932 -0.44592 -0.47698 -0.87592 0.69200 
0.48945 0.74323 0.19399 1.21898 0.59412 -0.10358 -0.15097 0.05594 -0.55098 -0.29780 -0.09156 -1.09407 -0.65158 0.71053 -0.44352 -0.47051 -0.89609 0.70055 
0.49032 0.73584 0.26214 1.22501 0.64765 -0.15246 0.11743 -0.04119 -0.52684 -0.11832 -0.11149 -1.11912 -0.66647 0.72081 -0.44017 -0.43134 -0.90214 0.69422 
0.49120 0.73303 0.35547 1.18462 0.66075 -0.16012 0.39952 -0.11728 -0.54042 0.03780 -0.10972 -1.13090 -0.54760 0.72694 -0.43546 -0.36635 -0.88646 0.67527 
0.49207 0.73606 0.46182 1.11304 0.63244 -0.11592 0.66916 -0.15603 -0.57437 0.13424 -0.08089 -1.12431 -0.38507 0.72819 -0.42761 -0.28650 -0.85174 0.65306 
0.49295 0.74191 0.56142 1.03231 0.58026 -0.01952 0.89632 -0.15449 -0.61615 0.15448 -0.02774 -1.10475 -0.27030 0.72586 -0.41514 -0.20005 -0.80309 0.63809 
0.49382 0.74438 0.63377 0.96212 0.53218 0.11580 1.05035 -0.12676 -0.66141 0.10979 0.03783 -1.08383 -0.24706 0.72172 -0.39869 -0.10977 -0.74101 0.63547 
0.49469 0.73697 0.66522 0.91232 0.51166 0.26650 1.10565 -0.09766 -0.70958 0.03118 0.09749 -1.07216 -0.29377 0.71657 -0.38141 -0.01534 -0.65926 0.64246 
0.49557 0.71635 0.65408 0.88079 0.52520 0.40751 1.04783 -0.08909 -0.75755 -0.04923 0.13320 -1.07347 -0.34481 0.70976 -0.36770 0.08160 -0.54769 0.65141 
0.49644 0.68423 0.61042 0.85768 0.56035 0.52097 0.87789 -0.10783 -0.79689 -0.11499 0.13553 -1.08317 -0.33545 0.69972 -0.36104 0.17414 -0.39753 0.65535 
0.49732 0.64653 0.55027 0.83316 0.59505 0.59957 0.61300 -0.14271 -0.81567 -0.16944 0.10931 -1.09148 -0.24224 0.68474 -0.36213 0.25092 -0.20703 0.65207 
0.49819 0.61019 0.48727 0.80415 0.61243 0.64368 0.28424 -0.17277 -0.80223 -0.22581 0.07232 -1.08867 -0.09545 0.66347 -0.36810 0.30016 0.01434 0.64405 
0.49906 0.57931 0.42667 0.77605 0.61142 0.65605 -0.06732 -0.18054 -0.74800 -0.29203 0.04652 -1.06930 0.04105 0.63547 -0.37314 0.31415 0.24422 0.63520 
